CTDdata/C02M001.cnv
* Sea-Bird SBE 9 Data File:
* FileName = C:\MR1703C\CTDdata\C02M001.hdr
* Software Version Seasave V 7.23.2
* Temperature SN = 031464
* Conductivity SN = 041203
* Number of Bytes Per Scan = 41
* Number of Voltage Words = 4
* Number of Scans Averaged by the Deck Unit = 1
* NMEA Latitude = 26 17.40 N
* NMEA Longitude = 126 28.11 E
* NMEA UTC (Time) = May 29 2017 23:51:20
* NMEA baud rate = 4800
** Cruise: MR17-03C
** Station: C02
** Bottom Depth [m]: 1080.0
** Operator: S.Tanihara
# nquan = 29                                
# nvalues = 2129                        
# units = specified
# name 0 = scan: Scan Count
# name 1 = depSM: Depth [salt water, m]
# name 2 = prDM: Pressure, Digiquartz [db]
# name 3 = t090C: Temperature [ITS-90, deg C]
# name 4 = c0S/m: Conductivity [S/m]
# name 5 = t190C: Temperature, 2 [ITS-90, deg C]
# name 6 = c1S/m: Conductivity, 2 [S/m]
# name 7 = sbeox0V: Oxygen raw, SBE 43 [V]
# name 8 = sbeox1V: Oxygen raw, SBE 43, 2 [V]
# name 9 = CStarTr0: Beam Transmission, WET Labs C-Star [%]
# name 10 = CStarAt0: Beam Attenuation, WET Labs C-Star [1/m]
# name 11 = v4: Voltage 4
# name 12 = flSP: Fluorescence, Seapoint
# name 13 = seaTurbMtr: Turbidity, Seapoint [FTU]
# name 14 = wetCDOM: Fluorescence, WET Labs CDOM [mg/m^3]
# name 15 = altM: Altimeter [m]
# name 16 = dz/dtM: Descent Rate [m/s]
# name 17 = modError: Modulo Error Count
# name 18 = pumps: Pump Status
# name 19 = sbeox0Mm/Kg: Oxygen, SBE 43 [umol/kg], WS = 2
# name 20 = sbeox1Mm/Kg: Oxygen, SBE 43, 2 [umol/kg], WS = 2
# name 21 = nbin: number of scans per bin
# name 22 = sal00: Salinity, Practical [PSU]
# name 23 = sigma-é00: Density [sigma-theta, kg/m^3]
# name 24 = potemp090C: Potential Temperature [ITS-90, deg C]
# name 25 = sal11: Salinity, Practical, 2 [PSU]
# name 26 = sigma-é11: Density, 2 [sigma-theta, kg/m^3]
# name 27 = potemp190C: Potential Temperature, 2 [ITS-90, deg C]
# name 28 = flag: flag
# span 0 =      17422,     135913       
# span 1 =      1.000,   1066.000       
# span 2 =      1.006,   1075.778       
# span 3 =     4.4549,    25.3216       
# span 4 =   3.293419,   5.302156       
# span 5 =     4.4568,    25.3230       
# span 6 =   3.293769,   5.302287       
# span 7 =     0.8838,     2.5797       
# span 8 =     0.8645,     2.5299       
# span 9 =    79.9555,    99.9993       
# span 10 = -5.265e-07,     0.8948      
# span 11 =     3.7826,     4.7302      
# span 12 = 3.7264e-02, 7.5498e-01      
# span 13 =      0.018,      5.499      
# span 14 =    -3.5224,   521.9141      
# span 15 =     -21.37,     100.73      
# span 16 =     -1.407,      1.287      
# span 17 =          0,          0      
# span 18 =          1,          1      
# span 19 =     63.794,    207.271      
# span 20 =     64.280,    205.721      
# span 21 =         17,        231      
# span 22 =    34.2627,    35.0193      
# span 23 =    23.0280,    27.2777      
# span 24 =     4.3694,    25.3212      
# span 25 =    34.2637,    35.0207      
# span 26 =    23.0275,    27.2790      
# span 27 =     4.3713,    25.3226      
# span 28 = 0.0000e+00, 0.0000e+00      
# interval = meters: 1
# start_time = May 29 2017 23:51:20 [NMEA time, header]
# bad_flag = -9.990e-29
*END*
[from data line 501]
      32636    504.000    507.932    11.1426   3.872395    11.1440   3.872577     1.5774     1.5493    99.7925     0.0083     4.7204 4.2230e-02      0.024     6.1757      98.63      1.070          0          1    146.743    145.535         24    34.3273    26.2374    11.0790    34.3278    26.2375    11.0804 0.0000e+00
      32661    505.000    508.941    11.1156   3.869736    11.1195   3.870219     1.5799     1.5508    99.7925     0.0083     4.7204 4.1519e-02      0.024     6.1781      98.63      1.009          0          1    147.405    145.793         26    34.3256    26.2410    11.0520    34.3268    26.2412    11.0559 0.0000e+00
      32688    506.000    509.950    11.1021   3.868409    11.1053   3.868891     1.5821     1.5526    99.7925     0.0083     4.7204 4.1514e-02      0.024     6.1785      98.63      0.928          0          1    147.623    146.147         26    34.3246    26.2426    11.0384    34.3264    26.2434    11.0416 0.0000e+00
      32713    507.000    510.959    11.0923   3.867483    11.0935   3.867750     1.5834     1.5543    99.7925     0.0083     4.7204 4.1514e-02      0.024     6.2155      98.63      0.935          0          1    147.636    146.333         24    34.3241    26.2440    11.0285    34.3256    26.2450    11.0297 0.0000e+00
      32736    508.000    511.968    11.0868   3.867004    11.0870   3.867200     1.5840     1.5551    99.7925     0.0083     4.7204 4.1514e-02      0.024     6.2448      98.63      1.015          0          1    147.793    146.401         22    34.3240    26.2450    11.0229    34.3258    26.2463    11.0231 0.0000e+00
      32758    509.000    512.977    11.0779   3.866135    11.0784   3.866334     1.5853     1.5563    99.7960     0.0082     4.7206 4.1514e-02      0.024     6.2237      98.63      1.084          0          1    147.950    146.671         22    34.3233    26.2460    11.0139    34.3248    26.2471    11.0144 0.0000e+00
      32780    510.000    513.986    11.0701   3.865429    11.0715   3.865748     1.5857     1.5575    99.8185     0.0073     4.7216 4.1514e-02      0.024     6.2186      98.63      1.096          0          1    148.014    146.898         23    34.3231    26.2473    11.0060    34.3250    26.2485    11.0074 0.0000e+00
      32804    511.000    514.995    11.0670   3.865173    11.0680   3.865467     1.5861     1.5587    99.8184     0.0073     4.7216 4.1514e-02      0.024     6.2132      98.63      1.041          0          1    147.876    146.962         25    34.3230    26.2478    11.0028    34.3250    26.2492    11.0038 0.0000e+00
      32830    512.000    516.004    11.0629   3.864808    11.0640   3.865101     1.5859     1.5593    99.8184     0.0073     4.7216 4.1514e-02      0.024     6.2030      98.63      0.972          0          1    147.999    146.971         26    34.3228    26.2484    10.9986    34.3247    26.2496    10.9997 0.0000e+00
      32855    513.000    517.014    11.0581   3.864368    11.0589   3.864651     1.5865     1.5597    99.8184     0.0073     4.7216 4.1514e-02      0.024     6.2310      98.63      0.951          0          1    148.141    146.975         25    34.3224    26.2490    10.9937    34.3245    26.2505    10.9945 0.0000e+00
      32879    514.000    518.023    11.0528   3.863868    11.0537   3.864147     1.5868     1.5597    99.8184     0.0073     4.7216 4.1514e-02      0.024     6.2516      98.63      0.979          0          1    148.264    147.032         24    34.3220    26.2496    10.9883    34.3239    26.2510    10.9892 0.0000e+00
      32903    515.000    519.031    11.0433   3.862897    11.0445   3.863233     1.5874     1.5602    99.8184     0.0073     4.7216 4.1514e-02      0.024     6.2779      98.63      1.009          0          1    148.380    147.288         24    34.3208    26.2504    10.9787    34.3230    26.2519    10.9799 0.0000e+00
      32927    516.000    520.041    11.0363   3.862212    11.0377   3.862568     1.5878     1.5610    99.8184     0.0073     4.7216 4.1514e-02      0.024     6.2909      98.63      1.009          0          1    148.346    147.359         24    34.3200    26.2511    10.9716    34.3223    26.2526    10.9730 0.0000e+00
      32951    517.000    521.050    11.0175   3.860298    11.0205   3.860725     1.5874     1.5613    99.8184     0.0073     4.7216 4.1514e-02      0.024     6.3115      98.63      0.998          0          1    148.163    147.379         24    34.3181    26.2530    10.9527    34.3196    26.2536    10.9557 0.0000e+00
      32975    518.000    522.059    10.9137   3.849801    10.9169   3.850020     1.5865     1.5611    99.8184     0.0073     4.7216 4.1514e-02      0.024     6.3669      98.63      1.018          0          1    148.213    147.370         23    34.3101    26.2652    10.8492    34.3092    26.2640    10.8524 0.0000e+00
      32998    519.000    523.068    10.8291   3.841574    10.8309   3.841766     1.5844     1.5596    99.8184     0.0073     4.7216 4.1618e-02      0.024     6.4073      98.63      1.047          0          1    147.803    147.306         23    34.3066    26.2776    10.7648    34.3068    26.2774    10.7666 0.0000e+00
      33021    520.000    524.078    10.7774   3.836582    10.7794   3.836853     1.5815     1.5579    99.8184     0.0073     4.7216 4.1517e-02      0.024     6.4305      98.63      1.057          0          1    147.641    147.015         24    34.3046    26.2852    10.7132    34.3054    26.2855    10.7152 0.0000e+00
      33046    521.000    525.086    10.7530   3.834246    10.7559   3.834715     1.5785     1.5549    99.8184     0.0073     4.7216 4.1514e-02      0.024     6.4610      98.63      0.999          0          1    147.195    146.412         26    34.3036    26.2888    10.6887    34.3056    26.2898    10.6916 0.0000e+00
      33071    522.000    526.096    10.7075   3.829942    10.7128   3.830492     1.5748     1.5510    99.8184     0.0073     4.7216 4.2473e-02      0.024     6.4954      98.63      0.950          0          1    146.586    145.807         24    34.3027    26.2961    10.6433    34.3033    26.2956    10.6486 0.0000e+00
      33095    523.000    527.105    10.6699   3.826359    10.6685   3.826305     1.5701     1.5468    99.8184     0.0073     4.7216 4.2738e-02      0.024     6.5351      98.63      0.990          0          1    145.844    145.323         22    34.3016    26.3018    10.6057    34.3024    26.3027    10.6043 0.0000e+00
      33117    524.000    528.114    10.6152   3.821009    10.6149   3.821050     1.5658     1.5430    99.8184     0.0073     4.7216 4.2735e-02      0.024     6.5784      98.63      1.072          0          1    145.605    145.023         22    34.2988    26.3092    10.5511    34.2995    26.3098    10.5508 0.0000e+00
      33138    525.000    529.123    10.5792   3.817549    10.5799   3.817727     1.5622     1.5391    99.8184     0.0073     4.7216 4.2735e-02      0.024     6.6077      98.63      1.114          0          1    145.359    144.408         22    34.2974    26.3144    10.5151    34.2985    26.3152    10.5158 0.0000e+00
      33162    526.000    530.132    10.5258   3.812411    10.5334   3.813209     1.5583     1.5341    99.8184     0.0073     4.7216 4.2735e-02      0.025     6.6512      98.63      1.075          0          1    144.900    143.750         25    34.2954    26.3222    10.4618    34.2963    26.3216    10.4693 0.0000e+00
      33188    527.000    531.141    10.4456   3.804625    10.4482   3.804813     1.5531     1.5285    99.8184     0.0073     4.7216 4.2735e-02      0.024     6.7177      98.63      0.974          0          1    143.993    143.318         26    34.2919    26.3335    10.3818    34.2914    26.3326    10.3843 0.0000e+00
      33214    528.000    532.150    10.3679   3.797137    10.3697   3.797351     1.5459     1.5232    99.8184     0.0073     4.7216 4.2735e-02      0.024     6.7560      98.63      0.926          0          1    143.278    142.900         27    34.2891    26.3446    10.3042    34.2895    26.3447    10.3060 0.0000e+00
      33240    529.000    533.159    10.3303   3.793512    10.3283   3.793453     1.5406     1.5177    99.8184     0.0073     4.7216 4.2735e-02      0.024     6.7923      98.63      0.921          0          1    143.099    142.229         26    34.2874    26.3498    10.2667    34.2887    26.3512    10.2647 0.0000e+00
      33266    530.000    534.169    10.3075   3.791469    10.3085   3.791747     1.5365     1.5125    99.8184     0.0073     4.7216 4.2735e-02      0.024     6.8134      98.63      0.919          0          1    143.027    141.754         24    34.2878    26.3541    10.2438    34.2897    26.3554    10.2448 0.0000e+00
      33289    531.000    535.178    10.3041   3.791218    10.3055   3.791569     1.5345     1.5087    99.8184     0.0073     4.7216 4.2735e-02      0.024     6.8059      98.63      0.995          0          1    142.740    141.487         22    34.2880    26.3549    10.2403    34.2902    26.3564    10.2417 0.0000e+00
      33310    532.000    536.187    10.2982   3.790757    10.2998   3.791116     1.5309     1.5057    99.8048     0.0078     4.7210 4.2735e-02      0.024     6.8287      98.63      1.096          0          1    142.136    141.219         21    34.2885    26.3562    10.2343    34.2906    26.3576    10.2359 0.0000e+00
      33330    533.000    537.196    10.2865   3.789846    10.2864   3.790042     1.5285     1.5029    99.7927     0.0083     4.7204 4.2735e-02      0.024     6.8188      98.63      1.170          0          1    141.952    140.753         20    34.2898    26.3593    10.2225    34.2919    26.3610    10.2224 0.0000e+00
      33351    534.000    538.205    10.2598   3.787493    10.2559   3.787365     1.5255     1.4993    99.7925     0.0083     4.7204 4.2735e-02      0.025     6.8060      98.63      1.199          0          1    141.467    140.281         21    34.2907    26.3646    10.1958    34.2931    26.3672    10.1919 0.0000e+00
      33373    535.000    539.215    10.2417   3.785962    10.2415   3.786175     1.5218     1.4957    99.7925     0.0083     4.7204 4.3638e-02      0.031     6.8518      98.63      1.137          0          1    140.837    139.702         24    34.2919    26.3686    10.1777    34.2942    26.3705    10.1774 0.0000e+00
      33398    536.000    540.223    10.2257   3.784476    10.2286   3.784867     1.5169     1.4907    99.7957     0.0082     4.7206 4.3957e-02      0.031     6.8346      98.63      1.031          0          1    139.828    138.920         24    34.2915    26.3711    10.1616    34.2927    26.3715    10.1645 0.0000e+00
      33423    537.000    541.233    10.1248   3.774514    10.1268   3.774573     1.5103     1.4856    99.8116     0.0076     4.7213 4.3956e-02      0.026     6.7922      98.63      0.975          0          1    139.195    138.546         26    34.2852    26.3834    10.0610    34.2840    26.3821    10.0630 0.0000e+00
      33449    538.000    542.242     9.9753   3.759949     9.9762   3.760064     1.5045     1.4799    99.8185     0.0073     4.7216 4.3956e-02      0.024     6.7862      98.63      0.930          0          1    139.169    138.162         27    34.2780    26.4031     9.9119    34.2783    26.4032     9.9128 0.0000e+00
      33475    539.000    543.251     9.9563   3.758073     9.9565   3.758241     1.5001     1.4749    99.8184     0.0073     4.7216 4.3956e-02      0.024     6.8195      98.63      0.929          0          1    138.967    137.796         24    34.2764    26.4051     9.8929    34.2780    26.4062     9.8931 0.0000e+00
      33498    540.000    544.261     9.9437   3.756904     9.9453   3.757255     1.4969     1.4712    99.8184     0.0073     4.7216 4.3692e-02      0.024     6.8613      98.63      0.998          0          1    138.602    137.650         23    34.2760    26.4069     9.8802    34.2781    26.4082     9.8818 0.0000e+00
      33520    541.000    545.270     9.9359   3.756165     9.9366   3.756460     1.4934     1.4687    99.8184     0.0073     4.7216 4.2745e-02      0.024     6.8607      98.63      1.063          0          1    138.317    137.507         22    34.2754    26.4077     9.8723    34.2778    26.4094     9.8730 0.0000e+00
      33543    542.000    546.279     9.9328   3.755928     9.9337   3.756257     1.4916     1.4661    99.8184     0.0073     4.7216 4.2735e-02      0.024     6.7947      98.63      1.082          0          1    138.548    137.193         22    34.2755    26.4083     9.8691    34.2780    26.4101     9.8700 0.0000e+00
      33565    543.000    547.288     9.9274   3.755468     9.9283   3.755793     1.4907     1.4638    99.8184     0.0073     4.7216 4.3433e-02      0.026     6.7345      98.63      1.078          0          1    138.567    137.047         23    34.2755    26.4092     9.8636    34.2779    26.4110     9.8645 0.0000e+00
      33588    544.000    548.297     9.9204   3.754807     9.9217   3.755203     1.4896     1.4620    99.8184     0.0073     4.7216 4.3447e-02      0.031     6.7292      98.63      1.066          0          1    138.390    136.978         24    34.2749    26.4100     9.8565    34.2777    26.4120     9.8578 0.0000e+00
      33612    545.000    549.307     9.9016   3.753025     9.9021   3.753275     1.4881     1.4605    99.8184     0.0073     4.7216 4.3954e-02      0.028     6.7171      98.63      1.039          0          1    137.976    136.929         23    34.2741    26.4125     9.8377    34.2762    26.4141     9.8382 0.0000e+00
      33637    546.000    550.316     9.8818   3.751175     9.8825   3.751463     1.4853     1.4592    99.8184     0.0073     4.7216 4.3956e-02      0.024     6.6980      98.63      1.005          0          1    137.640    136.939         26    34.2735    26.4154     9.8178    34.2758    26.4171     9.8185 0.0000e+00
      33662    547.000    551.325     9.8698   3.750063     9.8713   3.750459     1.4839     1.4581    99.8275     0.0069     4.7220 4.3956e-02      0.024     6.7133      98.63      0.970          0          1    137.813    136.849         25    34.2731    26.4171     9.8058    34.2757    26.4189     9.8073 0.0000e+00
      33687    548.000    552.334     9.8621   3.749383     9.8631   3.749752     1.4826     1.4571    99.8441     0.0062     4.7228 4.3956e-02      0.024     6.6973      98.63      0.964          0          1    137.817    136.601         25    34.2730    26.4183     9.7980    34.2758    26.4204     9.7990 0.0000e+00
      33712    549.000    553.343     9.8597   3.749204     9.8608   3.749591     1.4823     1.4552    99.8324     0.0067     4.7223 4.3956e-02      0.024     6.6784      98.63      0.956          0          1    137.760    136.460         26    34.2730    26.4188     9.7955    34.2759    26.4208     9.7966 0.0000e+00
      33737    550.000    554.353     9.8566   3.749005     9.8583   3.749445     1.4809     1.4545    99.8184     0.0073     4.7216 4.3092e-02      0.024     6.6394      98.63      0.952          0          1    137.333    136.499         24    34.2735    26.4197     9.7923    34.2763    26.4216     9.7940 0.0000e+00
      33761    551.000    555.362     9.8559   3.748985     9.8563   3.749320     1.4792     1.4532    99.8184     0.0073     4.7216 4.2731e-02      0.024     6.6733      98.63      0.987          0          1    137.277    136.218         23    34.2735    26.4198     9.7914    34.2765    26.4221     9.7918 0.0000e+00
      33783    552.000    556.371     9.8531   3.748768     9.8553   3.749299     1.4787     1.4524    99.8184     0.0073     4.7216 4.2735e-02      0.024     6.6925      98.63      1.054          0          1    137.417    136.283         22    34.2735    26.4203     9.7885    34.2768    26.4225     9.7907 0.0000e+00
