CTDdata/C02M001.cnv
* Sea-Bird SBE 9 Data File:
* FileName = C:\MR1703C\CTDdata\C02M001.hdr
* Software Version Seasave V 7.23.2
* Temperature SN = 031464
* Conductivity SN = 041203
* Number of Bytes Per Scan = 41
* Number of Voltage Words = 4
* Number of Scans Averaged by the Deck Unit = 1
* NMEA Latitude = 26 17.40 N
* NMEA Longitude = 126 28.11 E
* NMEA UTC (Time) = May 29 2017 23:51:20
* NMEA baud rate = 4800
** Cruise: MR17-03C
** Station: C02
** Bottom Depth [m]: 1080.0
** Operator: S.Tanihara
# nquan = 29                                
# nvalues = 2129                        
# units = specified
# name 0 = scan: Scan Count
# name 1 = depSM: Depth [salt water, m]
# name 2 = prDM: Pressure, Digiquartz [db]
# name 3 = t090C: Temperature [ITS-90, deg C]
# name 4 = c0S/m: Conductivity [S/m]
# name 5 = t190C: Temperature, 2 [ITS-90, deg C]
# name 6 = c1S/m: Conductivity, 2 [S/m]
# name 7 = sbeox0V: Oxygen raw, SBE 43 [V]
# name 8 = sbeox1V: Oxygen raw, SBE 43, 2 [V]
# name 9 = CStarTr0: Beam Transmission, WET Labs C-Star [%]
# name 10 = CStarAt0: Beam Attenuation, WET Labs C-Star [1/m]
# name 11 = v4: Voltage 4
# name 12 = flSP: Fluorescence, Seapoint
# name 13 = seaTurbMtr: Turbidity, Seapoint [FTU]
# name 14 = wetCDOM: Fluorescence, WET Labs CDOM [mg/m^3]
# name 15 = altM: Altimeter [m]
# name 16 = dz/dtM: Descent Rate [m/s]
# name 17 = modError: Modulo Error Count
# name 18 = pumps: Pump Status
# name 19 = sbeox0Mm/Kg: Oxygen, SBE 43 [umol/kg], WS = 2
# name 20 = sbeox1Mm/Kg: Oxygen, SBE 43, 2 [umol/kg], WS = 2
# name 21 = nbin: number of scans per bin
# name 22 = sal00: Salinity, Practical [PSU]
# name 23 = sigma-é00: Density [sigma-theta, kg/m^3]
# name 24 = potemp090C: Potential Temperature [ITS-90, deg C]
# name 25 = sal11: Salinity, Practical, 2 [PSU]
# name 26 = sigma-é11: Density, 2 [sigma-theta, kg/m^3]
# name 27 = potemp190C: Potential Temperature, 2 [ITS-90, deg C]
# name 28 = flag: flag
# span 0 =      17422,     135913       
# span 1 =      1.000,   1066.000       
# span 2 =      1.006,   1075.778       
# span 3 =     4.4549,    25.3216       
# span 4 =   3.293419,   5.302156       
# span 5 =     4.4568,    25.3230       
# span 6 =   3.293769,   5.302287       
# span 7 =     0.8838,     2.5797       
# span 8 =     0.8645,     2.5299       
# span 9 =    79.9555,    99.9993       
# span 10 = -5.265e-07,     0.8948      
# span 11 =     3.7826,     4.7302      
# span 12 = 3.7264e-02, 7.5498e-01      
# span 13 =      0.018,      5.499      
# span 14 =    -3.5224,   521.9141      
# span 15 =     -21.37,     100.73      
# span 16 =     -1.407,      1.287      
# span 17 =          0,          0      
# span 18 =          1,          1      
# span 19 =     63.794,    207.271      
# span 20 =     64.280,    205.721      
# span 21 =         17,        231      
# span 22 =    34.2627,    35.0193      
# span 23 =    23.0280,    27.2777      
# span 24 =     4.3694,    25.3212      
# span 25 =    34.2637,    35.0207      
# span 26 =    23.0275,    27.2790      
# span 27 =     4.3713,    25.3226      
# span 28 = 0.0000e+00, 0.0000e+00      
# interval = meters: 1
# start_time = May 29 2017 23:51:20 [NMEA time, header]
# bad_flag = -9.990e-29
*END*
[from data line 301]
      27884    304.000    306.223    16.9941   4.470166    16.9946   4.470147     2.0679     2.0343    99.6376     0.0145     4.7131 3.7846e-02      0.029     4.4318      98.63      1.080          0          1    183.855    182.437         21    34.7170    25.3104    16.9435    34.7164    25.3099    16.9440 0.0000e+00
      27906    305.000    307.231    16.9500   4.465352    16.9491   4.465089     2.0641     2.0318    99.6376     0.0145     4.7131 3.8907e-02      0.031     4.4431      98.63      1.117          0          1    183.373    182.374         24    34.7127    25.3176    16.8994    34.7112    25.3166    16.8985 0.0000e+00
      27931    306.000    308.239    16.7993   4.449054    16.7982   4.448695     2.0604     2.0303    99.6376     0.0145     4.7131 3.9070e-02      0.030     4.4461      98.63      1.045          0          1    183.847    182.866         25    34.7001    25.3434    16.7488    34.6979    25.3420    16.7477 0.0000e+00
      27957    307.000    309.247    16.7461   4.443479    16.7459   4.443325     2.0593     2.0283    99.6376     0.0145     4.7131 3.8769e-02      0.024     4.4671      98.63      0.940          0          1    183.971    182.728         28    34.6969    25.3534    16.6956    34.6957    25.3526    16.6954 0.0000e+00
      27984    308.000    310.255    16.6725   4.435627    16.6731   4.435524     2.0563     2.0260    99.6505     0.0140     4.7137 3.7853e-02      0.025     4.4548      98.63      0.887          0          1    183.784    182.813         26    34.6914    25.3664    16.6219    34.6900    25.3652    16.6225 0.0000e+00
      28010    309.000    311.264    16.6232   4.430496    16.6238   4.430442     2.0541     2.0245    99.6635     0.0135     4.7143 3.7851e-02      0.024     4.4571      98.63      0.926          0          1    183.923    182.723         24    34.6887    25.3759    16.5726    34.6877    25.3750    16.5732 0.0000e+00
      28033    310.000    312.272    16.5820   4.426053    16.5820   4.425901     2.0534     2.0216    99.6634     0.0135     4.7143 3.7851e-02      0.024     4.4398      98.63      1.006          0          1    184.088    182.360         23    34.6849    25.3827    16.5313    34.6836    25.3816    16.5313 0.0000e+00
      28056    311.000    313.279    16.5457   4.422233    16.5461   4.422160     2.0518     2.0184    99.6634     0.0135     4.7143 3.8404e-02      0.027     4.4518      98.63      1.046          0          1    183.674    182.167         24    34.6824    25.3892    16.4949    34.6815    25.3884    16.4953 0.0000e+00
      28082    312.000    314.288    16.4842   4.415557    16.4832   4.415302     2.0475     2.0161    99.6643     0.0135     4.7143 3.9023e-02      0.024     4.4903      98.63      0.987          0          1    183.437    182.421         27    34.6766    25.3991    16.4334    34.6753    25.3982    16.4324 0.0000e+00
      28108    313.000    315.296    16.4288   4.409927    16.4291   4.409884     2.0460     2.0148    99.6891     0.0124     4.7155 3.8978e-02      0.024     4.5207      98.63      0.911          0          1    183.675    182.377         26    34.6747    25.4105    16.3779    34.6741    25.4099    16.3782 0.0000e+00
      28133    314.000    316.304    16.4231   4.409374    16.4237   4.409391     2.0434     2.0123    99.6892     0.0124     4.7155 3.9073e-02      0.024     4.5055      98.63      0.947          0          1    183.234    182.067         22    34.6744    25.4116    16.3721    34.6741    25.4111    16.3727 0.0000e+00
      28154    315.000    317.312    16.4102   4.408063    16.4112   4.408101     2.0411     2.0105    99.6892     0.0124     4.7155 3.8122e-02      0.024     4.4945      98.63      1.051          0          1    183.055    181.970         21    34.6737    25.4140    16.3591    34.6731    25.4134    16.3600 0.0000e+00
      28175    316.000    318.320    16.3988   4.406936    16.3996   4.406998     2.0391     2.0090    99.6892     0.0124     4.7155 3.7852e-02      0.024     4.4991      98.63      1.132          0          1    183.262    181.921         22    34.6733    25.4164    16.3475    34.6731    25.4161    16.3483 0.0000e+00
      28198    317.000    319.328    16.3969   4.406806    16.3978   4.406888     2.0394     2.0077    99.6892     0.0124     4.7155 3.8735e-02      0.024     4.5147      98.63      1.134          0          1    183.401    181.883         23    34.6734    25.4169    16.3455    34.6733    25.4167    16.3464 0.0000e+00
      28223    318.000    320.336    16.3893   4.406061    16.3901   4.406115     2.0390     2.0069    99.6892     0.0124     4.7155 3.9066e-02      0.024     4.5114      98.63      1.019          0          1    183.303    181.906         28    34.6730    25.4184    16.3377    34.6728    25.4181    16.3385 0.0000e+00
      28252    319.000    321.344    16.3807   4.405191    16.3818   4.405281     2.0380     2.0061    99.6892     0.0124     4.7155 3.8445e-02      0.024     4.4873      98.63      0.870          0          1    183.193    181.840         29    34.6724    25.4200    16.3290    34.6723    25.4196    16.3301 0.0000e+00
      28280    320.000    322.353    16.3682   4.403856    16.3693   4.403970     2.0369     2.0049    99.6892     0.0124     4.7155 3.7939e-02      0.024     4.4900      98.63      0.837          0          1    183.123    181.809         26    34.6711    25.4219    16.3163    34.6712    25.4217    16.3174 0.0000e+00
      28304    321.000    323.360    16.3537   4.402386    16.3549   4.402497     2.0359     2.0046    99.6892     0.0124     4.7155 3.9061e-02      0.024     4.5106      98.63      0.940          0          1    182.908    181.770         23    34.6704    25.4247    16.3017    34.6703    25.4244    16.3029 0.0000e+00
      28326    322.000    324.369    16.3435   4.401306    16.3444   4.401384     2.0337     2.0031    99.6892     0.0124     4.7155 3.9072e-02      0.024     4.5192      98.63      1.049          0          1    182.530    181.522         21    34.6693    25.4263    16.2914    34.6692    25.4260    16.2923 0.0000e+00
      28348    323.000    325.377    16.2990   4.396484    16.2995   4.396470     2.0306     2.0017    99.6892     0.0124     4.7155 3.9072e-02      0.024     4.5432      98.63      1.107          0          1    182.464    181.513         22    34.6650    25.4333    16.2468    34.6644    25.4327    16.2473 0.0000e+00
      28371    324.000    326.385    16.2583   4.392132    16.2592   4.392173     2.0303     1.9999    99.6892     0.0124     4.7155 3.8879e-02      0.024     4.5624      98.63      1.096          0          1    182.980    181.598         25    34.6615    25.4400    16.2060    34.6611    25.4395    16.2069 0.0000e+00
      28397    325.000    327.393    16.2368   4.389913    16.2377   4.389995     2.0299     1.9993    99.6892     0.0124     4.7155 3.8398e-02      0.024     4.6126      98.63      0.977          0          1    182.772    181.676         27    34.6602    25.4440    16.1844    34.6601    25.4437    16.1853 0.0000e+00
      28423    326.000    328.401    16.2289   4.389083    16.2305   4.389250     2.0275     1.9983    99.6892     0.0124     4.7155 3.7846e-02      0.024     4.6296      98.63      0.905          0          1    182.532    181.525         25    34.6593    25.4451    16.1764    34.6594    25.4448    16.1780 0.0000e+00
      28448    327.000    329.410    16.2072   4.386799    16.2093   4.387032     2.0269     1.9971    99.6892     0.0124     4.7155 3.7851e-02      0.024     4.6278      98.63      0.943          0          1    182.706    181.484         25    34.6576    25.4488    16.1545    34.6579    25.4485    16.1566 0.0000e+00
      28472    328.000    330.418    16.1957   4.385654    16.1973   4.385829     2.0255     1.9958    99.6892     0.0124     4.7155 3.8646e-02      0.024     4.6274      98.63      0.997          0          1    182.168    181.369         23    34.6571    25.4511    16.1429    34.6573    25.4509    16.1445 0.0000e+00
      28495    329.000    331.426    16.1848   4.384468    16.1859   4.384589     2.0218     1.9946    99.6892     0.0124     4.7155 3.8766e-02      0.024     4.6403      98.63      1.028          0          1    181.997    181.165         24    34.6557    25.4526    16.1319    34.6558    25.4524    16.1330 0.0000e+00
      28520    330.000    332.434    16.1475   4.380533    16.1485   4.380602     2.0218     1.9921    99.6892     0.0124     4.7155 3.8056e-02      0.024     4.6993      98.63      1.018          0          1    182.486    180.797         25    34.6529    25.4590    16.0945    34.6527    25.4586    16.0955 0.0000e+00
      28545    331.000    333.442    16.1282   4.378486    16.1299   4.378682     2.0207     1.9884    99.6892     0.0124     4.7155 3.7851e-02      0.028     4.7478      98.63      0.972          0          1    181.917    180.415         25    34.6512    25.4621    16.0751    34.6514    25.4619    16.0768 0.0000e+00
      28570    332.000    334.450    16.0940   4.374835    16.0946   4.374873     2.0163     1.9858    99.6892     0.0124     4.7155 3.7851e-02      0.024     4.7375      98.63      0.957          0          1    181.123    180.300         24    34.6482    25.4677    16.0408    34.6480    25.4674    16.0414 0.0000e+00
      28592    333.000    335.459    16.0610   4.371449    16.0622   4.371545     2.0107     1.9826    99.7079     0.0117     4.7164 3.8145e-02      0.024     4.7308      98.63      1.019          0          1    180.379    179.630         21    34.6465    25.4739    16.0077    34.6463    25.4735    16.0089 0.0000e+00
      28613    334.000    336.467    16.0386   4.369112    16.0401   4.369221     2.0052     1.9769    99.6989     0.0120     4.7160 3.9086e-02      0.024     4.7624      98.63      1.109          0          1    179.865    178.808         21    34.6449    25.4778    15.9852    34.6446    25.4772    15.9867 0.0000e+00
      28635    335.000    337.475    16.0187   4.367035    16.0201   4.367175     2.0003     1.9718    99.6893     0.0124     4.7155 3.9072e-02      0.024     4.7895      98.63      1.149          0          1    179.719    178.461         23    34.6434    25.4812    15.9652    34.6434    25.4809    15.9666 0.0000e+00
      28659    336.000    338.483    15.9994   4.364998    16.0004   4.365106     1.9973     1.9670    99.7116     0.0115     4.7165 3.9072e-02      0.024     4.8003      98.63      1.069          0          1    179.573    178.123         26    34.6417    25.4844    15.9458    34.6418    25.4842    15.9468 0.0000e+00
      28686    337.000    339.491    15.9809   4.363065    15.9823   4.363207     1.9925     1.9623    99.7015     0.0119     4.7161 3.8817e-02      0.024     4.8262      98.63      0.935          0          1    178.894    177.735         28    34.6403    25.4875    15.9271    34.6403    25.4872    15.9285 0.0000e+00
      28714    338.000    340.500    15.9661   4.361571    15.9671   4.361666     1.9880     1.9577    99.6978     0.0121     4.7159 3.8485e-02      0.024     4.8310      98.63      0.866          0          1    178.661    177.293         27    34.6395    25.4903    15.9122    34.6395    25.4901    15.9132 0.0000e+00
      28739    339.000    341.508    15.9589   4.360839    15.9596   4.360962     1.9848     1.9540    99.7152     0.0114     4.7167 3.9074e-02      0.024     4.8487      98.63      0.905          0          1    178.302    177.064         23    34.6389    25.4915    15.9049    34.6394    25.4917    15.9056 0.0000e+00
      28761    340.000    342.516    15.9510   4.360049    15.9527   4.360261     1.9819     1.9516    99.7151     0.0114     4.7167 3.9072e-02      0.024     4.8597      98.63      1.022          0          1    178.165    176.992         22    34.6384    25.4929    15.8968    34.6388    25.4929    15.8985 0.0000e+00
      28783    341.000    343.524    15.9485   4.359838    15.9493   4.359953     1.9804     1.9503    99.7151     0.0114     4.7167 3.8329e-02      0.024     4.8673      98.63      1.109          0          1    178.321    177.102         21    34.6383    25.4935    15.8942    34.6386    25.4935    15.8950 0.0000e+00
      28804    342.000    344.533    15.9457   4.359565    15.9462   4.359666     1.9804     1.9500    99.7151     0.0114     4.7167 3.8792e-02      0.024     4.8888      98.63      1.136          0          1    178.470    177.109         22    34.6379    25.4939    15.8912    34.6384    25.4941    15.8917 0.0000e+00
      28828    343.000    345.541    15.9331   4.358231    15.9338   4.358327     1.9801     1.9488    99.7151     0.0114     4.7167 3.9071e-02      0.024     4.9211      98.63      1.075          0          1    178.558    177.039         25    34.6367    25.4958    15.8785    34.6369    25.4958    15.8792 0.0000e+00
      28853    344.000    346.549    15.9189   4.356717    15.9189   4.356737     1.9813     1.9488    99.7151     0.0114     4.7167 3.9072e-02      0.024     4.9117      98.63      0.995          0          1    179.178    177.453         25    34.6352    25.4979    15.8642    34.6354    25.4980    15.8642 0.0000e+00
      28878    345.000    347.557    15.8966   4.354278    15.8975   4.354372     1.9843     1.9503    99.7151     0.0114     4.7167 3.8303e-02      0.024     4.9024      98.63      0.968          0          1    179.506    177.688         24    34.6326    25.5010    15.8418    34.6326    25.5008    15.8427 0.0000e+00
      28902    346.000    348.566    15.8708   4.351517    15.8719   4.351631     1.9841     1.9504    99.7151     0.0114     4.7167 3.8047e-02      0.024     4.9005      98.63      0.984          0          1    179.091    177.747         25    34.6301    25.5049    15.8159    34.6302    25.5047    15.8170 0.0000e+00
      28926    347.000    349.574    15.8073   4.344636    15.8090   4.344736     1.9828     1.9512    99.7151     0.0114     4.7167 3.9064e-02      0.024     4.9307      98.63      1.000          0          1    179.186    178.141         24    34.6238    25.5145    15.7524    34.6232    25.5136    15.7540 0.0000e+00
      28951    348.000    350.582    15.7774   4.341587    15.7780   4.341668     1.9817     1.9515    99.7151     0.0114     4.7167 3.9072e-02      0.024     4.9571      98.63      0.975          0          1    179.251    178.110         26    34.6223    25.5201    15.7224    34.6225    25.5201    15.7230 0.0000e+00
      28976    349.000    351.591    15.7759   4.341464    15.7768   4.341602     1.9809     1.9507    99.7151     0.0114     4.7167 3.8566e-02      0.024     4.9531      98.63      0.961          0          1    179.092    177.994         24    34.6222    25.5203    15.7207    34.6226    25.5205    15.7216 0.0000e+00
      29000    350.000    352.599    15.7740   4.341332    15.7746   4.341447     1.9797     1.9505    99.7151     0.0114     4.7167 3.7848e-02      0.024     4.9281      98.63      1.003          0          1    178.963    177.879         22    34.6223    25.5209    15.7187    34.6228    25.5211    15.7192 0.0000e+00
      29022    351.000    353.607    15.7731   4.341305    15.7738   4.341431     1.9784     1.9486    99.7151     0.0114     4.7167 3.7851e-02      0.024     4.9232      98.63      1.065          0          1    178.752    177.451         22    34.6224    25.5212    15.7176    34.6229    25.5215    15.7183 0.0000e+00
      29045    352.000    354.615    15.7714   4.341192    15.7722   4.341321     1.9761     1.9464    99.7151     0.0114     4.7167 3.8360e-02      0.024     4.9254      98.63      1.084          0          1    178.250    177.168         24    34.6225    25.5217    15.7157    34.6230    25.5219    15.7165 0.0000e+00
