CTDdata/C02M001.cnv
* Sea-Bird SBE 9 Data File:
* FileName = C:\MR1703C\CTDdata\C02M001.hdr
* Software Version Seasave V 7.23.2
* Temperature SN = 031464
* Conductivity SN = 041203
* Number of Bytes Per Scan = 41
* Number of Voltage Words = 4
* Number of Scans Averaged by the Deck Unit = 1
* NMEA Latitude = 26 17.40 N
* NMEA Longitude = 126 28.11 E
* NMEA UTC (Time) = May 29 2017 23:51:20
* NMEA baud rate = 4800
** Cruise: MR17-03C
** Station: C02
** Bottom Depth [m]: 1080.0
** Operator: S.Tanihara
# nquan = 29                                
# nvalues = 2129                        
# units = specified
# name 0 = scan: Scan Count
# name 1 = depSM: Depth [salt water, m]
# name 2 = prDM: Pressure, Digiquartz [db]
# name 3 = t090C: Temperature [ITS-90, deg C]
# name 4 = c0S/m: Conductivity [S/m]
# name 5 = t190C: Temperature, 2 [ITS-90, deg C]
# name 6 = c1S/m: Conductivity, 2 [S/m]
# name 7 = sbeox0V: Oxygen raw, SBE 43 [V]
# name 8 = sbeox1V: Oxygen raw, SBE 43, 2 [V]
# name 9 = CStarTr0: Beam Transmission, WET Labs C-Star [%]
# name 10 = CStarAt0: Beam Attenuation, WET Labs C-Star [1/m]
# name 11 = v4: Voltage 4
# name 12 = flSP: Fluorescence, Seapoint
# name 13 = seaTurbMtr: Turbidity, Seapoint [FTU]
# name 14 = wetCDOM: Fluorescence, WET Labs CDOM [mg/m^3]
# name 15 = altM: Altimeter [m]
# name 16 = dz/dtM: Descent Rate [m/s]
# name 17 = modError: Modulo Error Count
# name 18 = pumps: Pump Status
# name 19 = sbeox0Mm/Kg: Oxygen, SBE 43 [umol/kg], WS = 2
# name 20 = sbeox1Mm/Kg: Oxygen, SBE 43, 2 [umol/kg], WS = 2
# name 21 = nbin: number of scans per bin
# name 22 = sal00: Salinity, Practical [PSU]
# name 23 = sigma-é00: Density [sigma-theta, kg/m^3]
# name 24 = potemp090C: Potential Temperature [ITS-90, deg C]
# name 25 = sal11: Salinity, Practical, 2 [PSU]
# name 26 = sigma-é11: Density, 2 [sigma-theta, kg/m^3]
# name 27 = potemp190C: Potential Temperature, 2 [ITS-90, deg C]
# name 28 = flag: flag
# span 0 =      17422,     135913       
# span 1 =      1.000,   1066.000       
# span 2 =      1.006,   1075.778       
# span 3 =     4.4549,    25.3216       
# span 4 =   3.293419,   5.302156       
# span 5 =     4.4568,    25.3230       
# span 6 =   3.293769,   5.302287       
# span 7 =     0.8838,     2.5797       
# span 8 =     0.8645,     2.5299       
# span 9 =    79.9555,    99.9993       
# span 10 = -5.265e-07,     0.8948      
# span 11 =     3.7826,     4.7302      
# span 12 = 3.7264e-02, 7.5498e-01      
# span 13 =      0.018,      5.499      
# span 14 =    -3.5224,   521.9141      
# span 15 =     -21.37,     100.73      
# span 16 =     -1.407,      1.287      
# span 17 =          0,          0      
# span 18 =          1,          1      
# span 19 =     63.794,    207.271      
# span 20 =     64.280,    205.721      
# span 21 =         17,        231      
# span 22 =    34.2627,    35.0193      
# span 23 =    23.0280,    27.2777      
# span 24 =     4.3694,    25.3212      
# span 25 =    34.2637,    35.0207      
# span 26 =    23.0275,    27.2790      
# span 27 =     4.3713,    25.3226      
# span 28 = 0.0000e+00, 0.0000e+00      
# interval = meters: 1
# start_time = May 29 2017 23:51:20 [NMEA time, header]
# bad_flag = -9.990e-29
*END*
[from data line 1301]
      95278    828.000    835.115     4.9468   3.323727     4.9437   3.323616     0.9494     0.9310    99.7432     0.0103     4.7180 4.9694e-02      0.049     9.2587      98.63     -0.862          0          1     73.111     73.767         33    34.3725    27.1916     4.8787    34.3744    27.1935     4.8757 0.0000e+00
      95312    827.000    834.104     4.9488   3.323839     4.9507   3.324135     0.9503     0.9316    99.7673     0.0093     4.7192 5.0070e-02      0.052     9.2512      98.63     -0.712          0          1     73.338     73.695         33    34.3722    27.1912     4.8808    34.3737    27.1921     4.8827 0.0000e+00
      95342    826.000    833.094     4.9515   3.324010     4.9523   3.324214     0.9506     0.9318    99.7667     0.0093     4.7192 5.0061e-02      0.055     9.2336      98.63     -0.771          0          1     73.194     73.723         28    34.3719    27.1906     4.8836    34.3735    27.1918     4.8844 0.0000e+00
      95368    825.000    832.083     4.9534   3.324124     4.9541   3.324316     0.9508     0.9322    99.7667     0.0093     4.7192 5.0061e-02      0.054     9.2265      98.63     -0.886          0          1     73.243     73.747         26    34.3718    27.1903     4.8856    34.3733    27.1914     4.8863 0.0000e+00
      95396    824.000    831.073     4.9611   3.324712     4.9602   3.324793     0.9512     0.9323    99.7667     0.0093     4.7192 4.9577e-02      0.049     9.2361      98.63     -0.892          0          1     73.308     73.729         30    34.3712    27.1889     4.8933    34.3730    27.1905     4.8924 0.0000e+00
      95428    823.000    830.062     4.9715   3.325559     4.9737   3.325896     0.9516     0.9326    99.7764     0.0089     4.7197 4.8838e-02      0.049     9.2457      98.63     -0.795          0          1     73.432     73.860         32    34.3708    27.1874     4.9037    34.3724    27.1884     4.9059 0.0000e+00
      95459    822.000    829.051     5.0114   3.328835     5.0123   3.329038     0.9526     0.9335    99.7954     0.0082     4.7205 4.9170e-02      0.048     9.2348      98.63     -0.761          0          1     73.783     74.076         30    34.3681    27.1807     4.9435    34.3695    27.1818     4.9444 0.0000e+00
      95488    821.000    828.041     5.0354   3.330882     5.0471   3.332057     0.9541     0.9347    99.8181     0.0073     4.7216 4.9011e-02      0.043     9.2123      98.63     -0.827          0          1     74.165     74.448         29    34.3675    27.1776     4.9674    34.3690    27.1774     4.9790 0.0000e+00
      95518    820.000    827.030     5.1464   3.340050     5.1383   3.339634     0.9561     0.9363    99.8184     0.0073     4.7216 4.9153e-02      0.037     9.1836      98.63     -0.830          0          1     74.392     74.723         31    34.3597    27.1586     5.0778    34.3632    27.1623     5.0697 0.0000e+00
      95550    819.000    826.020     5.1975   3.344102     5.2010   3.344655     0.9586     0.9391    99.8373     0.0065     4.7225 4.9262e-02      0.036     9.1843      98.63     -0.752          0          1     74.680     75.127         32    34.3544    27.1485     5.1287    34.3572    27.1503     5.1322 0.0000e+00
      95580    818.000    825.009     5.2018   3.344446     5.2175   3.345931     0.9606     0.9408    99.8443     0.0062     4.7228 4.9497e-02      0.034     9.1796      98.63     -0.780          0          1     74.903     75.221         28    34.3544    27.1480     5.1330    34.3554    27.1470     5.1486 0.0000e+00
      95606    817.000    823.999     5.2148   3.345499     5.2277   3.346710     0.9620     0.9429    99.8442     0.0062     4.7228 4.9912e-02      0.033     9.1730      98.63     -0.894          0          1     74.996     75.671         25    34.3537    27.1459     5.1460    34.3544    27.1450     5.1589 0.0000e+00
      95632    816.000    822.988     5.2355   3.347144     5.2426   3.347880     0.9634     0.9447    99.8442     0.0062     4.7228 5.0060e-02      0.034     9.1434      98.63     -0.938          0          1     75.084     75.707         28    34.3519    27.1421     5.1667    34.3531    27.1422     5.1738 0.0000e+00
      95662    815.000    821.978     5.2463   3.347949     5.2471   3.348169     0.9646     0.9461    99.8651     0.0054     4.7239 5.0061e-02      0.033     9.1051      98.63     -0.843          0          1     75.191     75.708         32    34.3506    27.1398     5.1775    34.3523    27.1410     5.1783 0.0000e+00
      95696    814.000    820.967     5.2481   3.348026     5.2480   3.348161     0.9656     0.9472    99.8662     0.0053     4.7239 4.9916e-02      0.031     9.0354      98.63     -0.734          0          1     75.143     75.719         34    34.3501    27.1392     5.1794    34.3518    27.1405     5.1793 0.0000e+00
      95732    813.000    819.956     5.2455   3.347747     5.2463   3.347952     0.9663     0.9479    99.8446     0.0062     4.7228 4.9101e-02      0.031     8.9962      98.63     -0.692          0          1     75.282     75.752         40    34.3501    27.1394     5.1769    34.3516    27.1406     5.1777 0.0000e+00
      95774    812.000    818.946     5.2478   3.347898     5.2496   3.348168     0.9673     0.9487    99.8442     0.0062     4.7228 4.9553e-02      0.034     8.9655      98.63     -0.570          0          1     75.265     75.861         43    34.3500    27.1391     5.1793    34.3512    27.1399     5.1811 0.0000e+00
      95815    811.000    817.935     5.2580   3.348646     5.2562   3.348657     0.9675     0.9492    99.8627     0.0055     4.7237 4.9873e-02      0.031     8.9299      98.63     -0.590          0          1     75.322     75.837         39    34.3486    27.1368     5.1895    34.3506    27.1386     5.1877 0.0000e+00
      95855    810.000    816.925     5.2616   3.348891     5.2620   3.349062     0.9682     0.9495    99.8699     0.0052     4.7241 4.9500e-02      0.031     8.8939      98.63     -0.619          0          1     75.404     75.757         41    34.3482    27.1361     5.1932    34.3498    27.1372     5.1936 0.0000e+00
      95904    809.000    815.914     5.2603   3.348719     5.2565   3.348533     0.9686     0.9496    99.8700     0.0052     4.7241 4.9280e-02      0.031     8.9070      98.63     -0.496          0          1     75.391     75.802         59    34.3481    27.1361     5.1920    34.3499    27.1379     5.1882 0.0000e+00
      95967    808.000    814.904     5.2636   3.348909     5.2500   3.347987     0.9688     0.9498    99.8700     0.0052     4.7241 4.9658e-02      0.031     8.8985      98.63     -0.361          0          1     75.375     75.806         57    34.3474    27.1352     5.1954    34.3507    27.1394     5.1818 0.0000e+00
      96012    807.000    813.893     5.2652   3.349010     5.2652   3.349140     0.9690     0.9502    99.8700     0.0052     4.7241 5.0054e-02      0.031     8.9278      98.63     -0.544          0          1     75.385     75.937         40    34.3474    27.1350     5.1970    34.3489    27.1361     5.1970 0.0000e+00
      96060    806.000    812.883     5.2635   3.348823     5.2640   3.348996     0.9690     0.9504    99.8625     0.0055     4.7237 4.9833e-02      0.031     8.9827      98.63     -0.511          0          1     75.422     75.908         57    34.3475    27.1352     5.1954    34.3490    27.1363     5.1959 0.0000e+00
      96126    805.000    811.872     5.2601   3.348502     5.2632   3.348869     0.9695     0.9507    99.8707     0.0052     4.7241 4.8863e-02      0.033     9.0247      98.63     -0.338          0          1     75.447     75.895         62    34.3478    27.1359     5.1922    34.3489    27.1363     5.1952 0.0000e+00
      96184    804.000    810.862     5.2647   3.348824     5.2650   3.348960     0.9694     0.9507    99.8700     0.0052     4.7241 4.9930e-02      0.032     8.9950      98.63     -0.404          0          1     75.384     75.902         74    34.3473    27.1349     5.1968    34.3486    27.1359     5.1971 0.0000e+00
      96267    803.000    809.851     5.2640   3.348731     5.2645   3.348898     0.9695     0.9509    99.8700     0.0052     4.7241 4.9761e-02      0.032     9.0603      98.63     -0.279          0          1     75.432     75.908         82    34.3475    27.1351     5.1962    34.3489    27.1361     5.1967 0.0000e+00
      96349    802.000    808.841     5.2648   3.348746     5.2674   3.349077     0.9696     0.9510    99.8700     0.0052     4.7241 4.9702e-02      0.036     9.0698      98.63     -0.294          0          1     75.468     75.910         88    34.3473    27.1349     5.1971    34.3484    27.1355     5.1997 0.0000e+00
      96437    801.000    807.830     5.2671   3.348899     5.2672   3.349008     0.9699     0.9512    99.8700     0.0052     4.7241 4.8809e-02      0.031     9.0478      98.63     -0.278          0          1     75.468     75.928         77    34.3472    27.1345     5.1995    34.3484    27.1354     5.1996 0.0000e+00
      96572    800.000    806.820     5.2640   3.348589     5.2636   3.348683     0.9700     0.9512    99.8664     0.0053     4.7239 4.9422e-02      0.032     9.0183      98.63     -0.208          0          1     75.479     75.918        132    34.3473    27.1350     5.1965    34.3488    27.1362     5.1961 0.0000e+00
      97653    799.000    805.809     5.2552   3.347842     5.2570   3.348043     0.9700     0.9513    99.8591     0.0056     4.7236 4.9889e-02      0.035     9.0846      98.63     -0.245          0          1     75.420     75.895        105    34.3483    27.1367     5.1878    34.3487    27.1369     5.1896 0.0000e+00
      98066    798.000    804.799     5.2556   3.347813     5.2550   3.347882     0.9704     0.9514    99.8626     0.0055     4.7237 4.8971e-02      0.037     9.0853      98.63     -0.365          0          1     75.502     75.954         63    34.3480    27.1365     5.1883    34.3494    27.1376     5.1877 0.0000e+00
      98117    797.000    803.788     5.2482   3.347176     5.2507   3.347499     0.9703     0.9512    99.8702     0.0052     4.7241 5.0086e-02      0.034     9.0074      98.63     -0.458          0          1     75.502     75.850         43    34.3488    27.1379     5.1811    34.3499    27.1385     5.1835 0.0000e+00
      98156    796.000    802.778     5.2505   3.347336     5.2519   3.347561     0.9704     0.9514    99.8700     0.0052     4.7241 5.0061e-02      0.031     8.9745      98.63     -0.617          0          1     75.535     75.950         36    34.3488    27.1376     5.1834    34.3499    27.1384     5.1848 0.0000e+00
      98193    795.000    801.768     5.2585   3.347944     5.2614   3.348305     0.9704     0.9513    99.8700     0.0052     4.7241 5.0061e-02      0.036     8.9570      98.63     -0.658          0          1     75.535     75.892         39    34.3481    27.1361     5.1915    34.3492    27.1367     5.1944 0.0000e+00
      98234    794.000    800.757     5.2618   3.348176     5.2641   3.348484     0.9707     0.9516    99.8700     0.0052     4.7241 4.8948e-02      0.035     8.9312      98.63     -0.597          0          1     75.547     76.044         42    34.3478    27.1356     5.1948    34.3490    27.1362     5.1971 0.0000e+00
      98276    793.000    799.747     5.2638   3.348301     5.2650   3.348513     0.9708     0.9520    99.8700     0.0052     4.7241 4.8839e-02      0.031     8.9006      98.63     -0.567          0          1     75.536     75.998         41    34.3477    27.1352     5.1969    34.3489    27.1360     5.1981 0.0000e+00
      98314    792.000    798.736     5.2669   3.348493     5.2641   3.348378     0.9709     0.9520    99.8700     0.0052     4.7241 4.8840e-02      0.031     8.8730      98.63     -0.622          0          1     75.499     75.960         34    34.3473    27.1345     5.2001    34.3488    27.1360     5.1973 0.0000e+00
      98347    791.000    797.726     5.2635   3.348174     5.2627   3.348227     0.9706     0.9521    99.8700     0.0052     4.7241 4.9547e-02      0.031     8.8881      98.63     -0.727          0          1     75.457     76.023         33    34.3476    27.1351     5.1968    34.3490    27.1363     5.1960 0.0000e+00
      98378    790.000    796.715     5.2633   3.348126     5.2638   3.348286     0.9708     0.9521    99.8700     0.0052     4.7241 5.0058e-02      0.031     8.9031      98.63     -0.766          0          1     75.565     75.911         30    34.3477    27.1352     5.1967    34.3490    27.1362     5.1972 0.0000e+00
      98412    789.000    795.705     5.2693   3.348559     5.2686   3.348619     0.9711     0.9521    99.8700     0.0052     4.7241 5.0061e-02      0.031     8.9589      98.63     -0.748          0          1     75.548     75.956         38    34.3471    27.1340     5.2027    34.3485    27.1352     5.2021 0.0000e+00
      98452    788.000    794.694     5.2695   3.348526     5.2701   3.348698     0.9712     0.9523    99.8700     0.0052     4.7241 4.9448e-02      0.031     9.0017      98.63     -0.599          0          1     75.597     76.042         39    34.3470    27.1339     5.2030    34.3483    27.1349     5.2036 0.0000e+00
      98487    787.000    793.684     5.2767   3.349094     5.2797   3.349457     0.9712     0.9524    99.8700     0.0052     4.7241 5.0070e-02      0.031     9.0063      98.63     -0.678          0          1     75.463     76.046         31    34.3466    27.1328     5.2103    34.3477    27.1333     5.2133 0.0000e+00
      98517    786.000    792.674     5.2838   3.349608     5.2854   3.349852     0.9712     0.9527    99.8700     0.0052     4.7241 5.0061e-02      0.031     8.9698      98.63     -0.784          0          1     75.626     75.968         30    34.3457    27.1312     5.2174    34.3469    27.1320     5.2190 0.0000e+00
      98545    785.000    791.663     5.2848   3.349633     5.2857   3.349822     0.9718     0.9528    99.8700     0.0052     4.7241 5.0061e-02      0.031     8.9576      98.63     -0.840          0          1     75.607     76.120         28    34.3455    27.1309     5.2185    34.3468    27.1318     5.2194 0.0000e+00
      98577    784.000    790.653     5.2874   3.349818     5.2872   3.349907     0.9716     0.9529    99.8700     0.0052     4.7241 4.9236e-02      0.031     8.9680      98.63     -0.810          0          1     75.561     75.976         36    34.3455    27.1306     5.2212    34.3467    27.1316     5.2210 0.0000e+00
      98616    783.000    789.642     5.2884   3.349843     5.2891   3.350031     0.9721     0.9530    99.8700     0.0052     4.7241 5.0050e-02      0.031     9.0481      98.63     -0.611          0          1     75.647     75.990         40    34.3452    27.1303     5.2223    34.3467    27.1313     5.2230 0.0000e+00
      98651    782.000    788.632     5.2894   3.349878     5.2899   3.350034     0.9721     0.9531    99.8700     0.0052     4.7241 5.0061e-02      0.031     9.1005      98.63     -0.664          0          1     75.612     76.028         31    34.3451    27.1300     5.2234    34.3464    27.1310     5.2239 0.0000e+00
      98680    781.000    787.622     5.2895   3.349840     5.2900   3.350003     0.9721     0.9530    99.8700     0.0052     4.7241 4.9712e-02      0.031     9.1099      98.63     -0.800          0          1     75.529     76.018         28    34.3451    27.1300     5.2236    34.3464    27.1310     5.2240 0.0000e+00
      98708    780.000    786.611     5.2897   3.349819     5.2900   3.349974     0.9721     0.9533    99.8700     0.0052     4.7241 4.8844e-02      0.031     9.0978      98.63     -0.867          0          1     75.644     76.006         28    34.3451    27.1300     5.2238    34.3466    27.1311     5.2241 0.0000e+00
