CTDdata/C02M001.cnv
* Sea-Bird SBE 9 Data File:
* FileName = C:\MR1703C\CTDdata\C02M001.hdr
* Software Version Seasave V 7.23.2
* Temperature SN = 031464
* Conductivity SN = 041203
* Number of Bytes Per Scan = 41
* Number of Voltage Words = 4
* Number of Scans Averaged by the Deck Unit = 1
* NMEA Latitude = 26 17.40 N
* NMEA Longitude = 126 28.11 E
* NMEA UTC (Time) = May 29 2017 23:51:20
* NMEA baud rate = 4800
** Cruise: MR17-03C
** Station: C02
** Bottom Depth [m]: 1080.0
** Operator: S.Tanihara
# nquan = 29                                
# nvalues = 2129                        
# units = specified
# name 0 = scan: Scan Count
# name 1 = depSM: Depth [salt water, m]
# name 2 = prDM: Pressure, Digiquartz [db]
# name 3 = t090C: Temperature [ITS-90, deg C]
# name 4 = c0S/m: Conductivity [S/m]
# name 5 = t190C: Temperature, 2 [ITS-90, deg C]
# name 6 = c1S/m: Conductivity, 2 [S/m]
# name 7 = sbeox0V: Oxygen raw, SBE 43 [V]
# name 8 = sbeox1V: Oxygen raw, SBE 43, 2 [V]
# name 9 = CStarTr0: Beam Transmission, WET Labs C-Star [%]
# name 10 = CStarAt0: Beam Attenuation, WET Labs C-Star [1/m]
# name 11 = v4: Voltage 4
# name 12 = flSP: Fluorescence, Seapoint
# name 13 = seaTurbMtr: Turbidity, Seapoint [FTU]
# name 14 = wetCDOM: Fluorescence, WET Labs CDOM [mg/m^3]
# name 15 = altM: Altimeter [m]
# name 16 = dz/dtM: Descent Rate [m/s]
# name 17 = modError: Modulo Error Count
# name 18 = pumps: Pump Status
# name 19 = sbeox0Mm/Kg: Oxygen, SBE 43 [umol/kg], WS = 2
# name 20 = sbeox1Mm/Kg: Oxygen, SBE 43, 2 [umol/kg], WS = 2
# name 21 = nbin: number of scans per bin
# name 22 = sal00: Salinity, Practical [PSU]
# name 23 = sigma-é00: Density [sigma-theta, kg/m^3]
# name 24 = potemp090C: Potential Temperature [ITS-90, deg C]
# name 25 = sal11: Salinity, Practical, 2 [PSU]
# name 26 = sigma-é11: Density, 2 [sigma-theta, kg/m^3]
# name 27 = potemp190C: Potential Temperature, 2 [ITS-90, deg C]
# name 28 = flag: flag
# span 0 =      17422,     135913       
# span 1 =      1.000,   1066.000       
# span 2 =      1.006,   1075.778       
# span 3 =     4.4549,    25.3216       
# span 4 =   3.293419,   5.302156       
# span 5 =     4.4568,    25.3230       
# span 6 =   3.293769,   5.302287       
# span 7 =     0.8838,     2.5797       
# span 8 =     0.8645,     2.5299       
# span 9 =    79.9555,    99.9993       
# span 10 = -5.265e-07,     0.8948      
# span 11 =     3.7826,     4.7302      
# span 12 = 3.7264e-02, 7.5498e-01      
# span 13 =      0.018,      5.499      
# span 14 =    -3.5224,   521.9141      
# span 15 =     -21.37,     100.73      
# span 16 =     -1.407,      1.287      
# span 17 =          0,          0      
# span 18 =          1,          1      
# span 19 =     63.794,    207.271      
# span 20 =     64.280,    205.721      
# span 21 =         17,        231      
# span 22 =    34.2627,    35.0193      
# span 23 =    23.0280,    27.2777      
# span 24 =     4.3694,    25.3212      
# span 25 =    34.2637,    35.0207      
# span 26 =    23.0275,    27.2790      
# span 27 =     4.3713,    25.3226      
# span 28 = 0.0000e+00, 0.0000e+00      
# interval = meters: 1
# start_time = May 29 2017 23:51:20 [NMEA time, header]
# bad_flag = -9.990e-29
*END*
[from data line 1201]
      77375    928.000    936.201     4.5608   3.296457     4.5613   3.296617     0.8991     0.8798    85.4265     0.6301     4.0412 5.1282e-02      3.612    14.3351      98.63     -0.530          0          1     66.014     66.500         47    34.4038    27.2601     4.4865    34.4051    27.2612     4.4870 0.0000e+00
      77454    927.000    935.189     4.5598   3.296328     4.5606   3.296514     0.8983     0.8794    85.2819     0.6368     4.0343 5.1175e-02      3.698    14.1172      98.63     -0.265          0          1     65.843     66.457         87    34.4038    27.2603     4.4856    34.4051    27.2612     4.4864 0.0000e+00
      77513    926.000    934.178     4.5635   3.296573     4.5640   3.296734     0.8982     0.8793    85.6043     0.6218     4.0496 5.0126e-02      3.496    13.6262      98.63     -0.483          0          1     66.168     66.646         44    34.4033    27.2595     4.4894    34.4047    27.2605     4.4899 0.0000e+00
      77572    925.000    933.167     4.5640   3.296529     4.5637   3.296658     0.8999     0.8801    87.8863     0.5166     4.1575 5.1216e-02      2.425    13.1054      98.63     -0.392          0          1     66.612     66.792         71    34.4028    27.2590     4.4900    34.4046    27.2605     4.4897 0.0000e+00
      77629    924.000    932.156     4.5620   3.296238     4.5616   3.296311     0.9023     0.8815    92.5029     0.3122     4.3757 5.0582e-02      1.224    12.5644      98.63     -0.458          0          1     67.379     67.525         48    34.4020    27.2586     4.4881    34.4033    27.2596     4.4877 0.0000e+00
      77689    923.000    931.145     4.5602   3.296035     4.5610   3.296205     0.9063     0.8859    94.6279     0.2209     4.4762 5.0951e-02      0.992    11.9391      98.63     -0.387          0          1     67.996     68.435         70    34.4020    27.2588     4.4864    34.4031    27.2596     4.4872 0.0000e+00
      77751    922.000    930.134     4.5590   3.295856     4.5599   3.296057     0.9094     0.8894    95.1168     0.2003     4.4993 5.0070e-02      1.071    11.3408      98.63     -0.419          0          1     68.352     68.733         54    34.4017    27.2586     4.4853    34.4031    27.2596     4.4862 0.0000e+00
      77815    921.000    929.123     4.5590   3.295806     4.5597   3.295990     0.9117     0.8919    95.5474     0.1822     4.5197 5.0061e-02      0.972    10.9771      98.63     -0.360          0          1     68.501     69.005         74    34.4016    27.2585     4.4854    34.4030    27.2596     4.4860 0.0000e+00
      77989    920.000    928.112     4.5592   3.295797     4.5595   3.295939     0.9121     0.8927    93.5839     0.2664     4.4268 5.0369e-02      1.168    11.2683      98.63     -0.243          0          1     68.343     68.853        122    34.4018    27.2587     4.4856    34.4031    27.2597     4.4859 0.0000e+00
      79283    919.000    927.101     4.5602   3.295865     4.5608   3.296052     0.9098     0.8904    92.1290     0.3278     4.3581 5.0852e-02      1.608    11.1205      98.63     -0.276          0          1     67.989     68.346         92    34.4020    27.2588     4.4867    34.4036    27.2599     4.4873 0.0000e+00
      79369    918.000    926.089     4.5616   3.295916     4.5621   3.296085     0.9113     0.8916    92.1513     0.3269     4.3591 5.0027e-02      1.091    10.8078      98.63     -0.396          0          1     68.343     68.782         49    34.4017    27.2583     4.4882    34.4031    27.2594     4.4887 0.0000e+00
      79404    917.000    925.079     4.5685   3.296400     4.5700   3.296631     0.9129     0.8930    93.3130     0.2768     4.4141 5.0420e-02      0.513    10.6670      98.63     -0.573          0          1     68.929     69.248         43    34.4007    27.2568     4.4951    34.4018    27.2575     4.4966 0.0000e+00
      79473    916.000    924.068     4.5647   3.296065     4.5651   3.296218     0.9149     0.8954    93.8348     0.2546     4.4387 5.0138e-02      0.932    10.4050      98.63     -0.314          0          1     68.834     69.348         90    34.4012    27.2576     4.4915    34.4026    27.2586     4.4918 0.0000e+00
      79541    915.000    923.057     4.5729   3.296723     4.5770   3.297150     0.9152     0.8961    96.1317     0.1579     4.5473 5.0059e-02      0.670    10.0575      98.63     -0.422          0          1     68.883     69.294         45    34.4009    27.2565     4.4997    34.4016    27.2566     4.5038 0.0000e+00
      79583    914.000    922.046     4.5850   3.297675     4.5867   3.297948     0.9164     0.8971    96.3492     0.1488     4.5576 5.0061e-02      0.366     9.9485      98.63     -0.571          0          1     69.245     69.790         47    34.4000    27.2544     4.5118    34.4014    27.2553     4.5135 0.0000e+00
      79660    913.000    921.035     4.5750   3.296754     4.5808   3.297269     0.9178     0.8993    96.1087     0.1588     4.5462 4.9741e-02      0.154     9.8026      98.63     -0.272          0          1     69.157     69.850        103    34.4001    27.2556     4.5019    34.4001    27.2549     4.5077 0.0000e+00
      79755    912.000    920.024     4.5979   3.298632     4.6107   3.299726     0.9189     0.9007    96.5886     0.1389     4.5689 4.9549e-02      0.129     9.5850      98.63     -0.270          0          1     69.535     70.212         96    34.3988    27.2520     4.5248    34.3983    27.2503     4.5375 0.0000e+00
      79854    911.000    919.012     4.6017   3.298936     4.6112   3.299740     0.9204     0.9030    98.0853     0.0775     4.6397 5.0253e-02      0.130     9.5061      98.63     -0.252          0          1     69.721     70.466         85    34.3989    27.2517     4.5286    34.3985    27.2503     4.5381 0.0000e+00
      80029    910.000    918.002     4.6160   3.299974     4.6181   3.300263     0.9234     0.9050    98.5595     0.0582     4.6621 5.0125e-02      0.138     9.6243      98.63     -0.223          0          1     70.199     70.773        137    34.3968    27.2484     4.5429    34.3979    27.2491     4.5450 0.0000e+00
      81116    909.000    916.990     4.6013   3.298723     4.6021   3.298916     0.9240     0.9050    98.9897     0.0406     4.6824 5.0060e-02      0.258     9.3928      98.63     -0.227          0          1     70.066     70.551        138    34.3979    27.2509     4.5284    34.3993    27.2519     4.5292 0.0000e+00
      81378    908.000    915.980     4.6012   3.298663     4.6001   3.298696     0.9239     0.9046    98.7828     0.0490     4.6727 5.0061e-02      0.237     9.4365      98.63     -0.306          0          1     70.113     70.469         60    34.3978    27.2508     4.5284    34.3993    27.2522     4.5273 0.0000e+00
      81445    907.000    914.969     4.5980   3.298355     4.5990   3.298561     0.9241     0.9048    98.9331     0.0429     4.6798 5.0061e-02      0.168     9.5084      98.63     -0.299          0          1     70.082     70.537         99    34.3980    27.2514     4.5253    34.3994    27.2523     4.5263 0.0000e+00
      81537    906.000    913.958     4.5960   3.298130     4.5971   3.298361     0.9240     0.9048    99.2078     0.0318     4.6927 5.0061e-02      0.154     9.6601      98.63     -0.292          0          1     70.187     70.521         66    34.3980    27.2515     4.5234    34.3995    27.2526     4.5245 0.0000e+00
      81602    905.000    912.947     4.5957   3.298082     4.5965   3.298262     0.9243     0.9048    99.2839     0.0287     4.6964 5.0061e-02      0.153     9.6215      98.63     -0.350          0          1     70.108     70.514         83    34.3982    27.2517     4.5232    34.3995    27.2527     4.5240 0.0000e+00
      81683    904.000    911.935     4.5965   3.298101     4.5967   3.298259     0.9241     0.9048    99.3227     0.0272     4.6982 4.9185e-02      0.153     9.5882      98.63     -0.298          0          1     70.079     70.527         60    34.3981    27.2516     4.5241    34.3998    27.2528     4.5243 0.0000e+00
      81748    903.000    910.925     4.5968   3.298089     4.5977   3.298282     0.9243     0.9049    99.3365     0.0266     4.6988 4.9972e-02      0.146     9.5778      98.63     -0.335          0          1     69.936     70.519         92    34.3982    27.2516     4.5245    34.3995    27.2525     4.5254 0.0000e+00
      81844    902.000    909.913     4.5985   3.298190     4.5986   3.298325     0.9243     0.9048    99.3631     0.0255     4.7001 5.0061e-02      0.144     9.4380      98.63     -0.249          0          1     70.095     70.526         67    34.3981    27.2513     4.5262    34.3996    27.2525     4.5263 0.0000e+00
      81905    901.000    908.903     4.6040   3.298596     4.6048   3.298798     0.9243     0.9053    99.3785     0.0249     4.7009 5.0061e-02      0.132     9.3680      98.63     -0.369          0          1     70.111     70.622         76    34.3977    27.2504     4.5318    34.3992    27.2515     4.5326 0.0000e+00
      81981    900.000    907.892     4.6180   3.299729     4.6178   3.299837     0.9250     0.9059    99.3793     0.0249     4.7009 5.0061e-02      0.130     9.4186      98.63     -0.326          0          1     70.309     70.776         67    34.3969    27.2482     4.5458    34.3983    27.2494     4.5456 0.0000e+00
      82786    899.000    906.881     4.6107   3.299050     4.6125   3.299312     0.9258     0.9069    99.3802     0.0249     4.7009 4.9816e-02      0.133     9.4417      98.63     -0.298          0          1     70.293     70.750         98    34.3970    27.2491     4.5386    34.3982    27.2498     4.5404 0.0000e+00
      83675    898.000    905.870     4.6118   3.299081     4.6125   3.299281     0.9261     0.9068    99.4064     0.0239     4.7022 5.0072e-02      0.131     9.3859      98.63     -0.381          0          1     70.308     70.793         54    34.3968    27.2488     4.5398    34.3984    27.2500     4.5405 0.0000e+00
      83685    897.000    904.859     4.6140   3.299236     4.6158   3.299519     0.9261     0.9071    99.4204     0.0233     4.7028 5.0061e-02      0.125     9.3881      98.63     -0.471          0          1     70.309     70.799         63    34.3968    27.2485     4.5421    34.3982    27.2495     4.5439 0.0000e+00
      83760    896.000    903.848     4.6197   3.299701     4.6192   3.299777     0.9265     0.9073    99.4319     0.0228     4.7033 5.0061e-02      0.122     9.3404      98.63     -0.276          0          1     70.430     70.839         66    34.3968    27.2479     4.5478    34.3982    27.2491     4.5473 0.0000e+00
      83811    895.000    902.837     4.6234   3.299930     4.6243   3.300135     0.9267     0.9075    99.4483     0.0221     4.7041 5.0061e-02      0.122     9.3473      98.63     -0.486          0          1     70.520     70.933         50    34.3962    27.2470     4.5516    34.3976    27.2480     4.5525 0.0000e+00
      83877    894.000    901.826     4.6250   3.300028     4.6261   3.300239     0.9274     0.9081    99.4568     0.0218     4.7045 5.0061e-02      0.116     9.3799      98.63     -0.340          0          1     70.555     70.997         82    34.3962    27.2468     4.5533    34.3975    27.2477     4.5543 0.0000e+00
      83950    893.000    900.815     4.6284   3.300255     4.6296   3.300480     0.9279     0.9084    99.4720     0.0212     4.7052 5.0028e-02      0.111     9.4096      98.63     -0.357          0          1     70.675     71.018         71    34.3958    27.2461     4.5567    34.3972    27.2471     4.5579 0.0000e+00
      84041    892.000    899.804     4.6280   3.300169     4.6290   3.300393     0.9284     0.9089    99.4834     0.0207     4.7057 5.0064e-02      0.116     9.4486      98.63     -0.239          0          1     70.619     71.042         90    34.3957    27.2461     4.5564    34.3973    27.2472     4.5574 0.0000e+00
      84115    891.000    898.793     4.6309   3.300372     4.6314   3.300537     0.9284     0.9091    99.4826     0.0207     4.7057 4.9184e-02      0.113     9.4480      98.63     -0.336          0          1     70.612     71.111         76    34.3956    27.2457     4.5594    34.3970    27.2467     4.5599 0.0000e+00
      84195    890.000    897.782     4.6329   3.300504     4.6332   3.300647     0.9287     0.9095    99.5029     0.0199     4.7067 5.0059e-02      0.102     9.4775      98.63     -0.305          0          1     70.681     71.109         79    34.3956    27.2454     4.5614    34.3969    27.2465     4.5617 0.0000e+00
      85239    889.000    896.771     4.6334   3.300484     4.6340   3.300653     0.9294     0.9100    99.5152     0.0195     4.7073 4.9834e-02      0.107     9.3664      98.63     -0.228          0          1     70.758     71.153        135    34.3953    27.2452     4.5620    34.3967    27.2462     4.5626 0.0000e+00
      85714    888.000    895.761     4.6356   3.300623     4.6365   3.300826     0.9298     0.9103    99.5554     0.0178     4.7092 4.9611e-02      0.101     9.4212      98.63     -0.361          0          1     70.827     71.206         52    34.3952    27.2448     4.5643    34.3966    27.2458     4.5652 0.0000e+00
      85773    887.000    894.750     4.6371   3.300707     4.6378   3.300877     0.9298     0.9103    99.5489     0.0181     4.7089 5.0035e-02      0.097     9.4305      98.63     -0.317          0          1     70.799     71.209         91    34.3951    27.2446     4.5659    34.3963    27.2455     4.5666 0.0000e+00
      85846    886.000    893.739     4.6436   3.301194     4.6440   3.301365     0.9301     0.9104    99.5817     0.0168     4.7104 5.0061e-02      0.094     9.4378      98.63     -0.394          0          1     70.954     71.222         49    34.3946    27.2434     4.5724    34.3961    27.2446     4.5728 0.0000e+00
      85916    885.000    892.728     4.6452   3.301287     4.6450   3.301405     0.9303     0.9109    99.5881     0.0165     4.7107 5.0061e-02      0.088     9.3258      98.63     -0.312          0          1     70.865     71.324         87    34.3945    27.2432     4.5741    34.3961    27.2445     4.5739 0.0000e+00
      85981    884.000    891.717     4.6565   3.302197     4.6707   3.303564     0.9309     0.9112    99.6361     0.0146     4.7130 5.0061e-02      0.079     9.2314      98.63     -0.441          0          1     71.115     71.350         44    34.3939    27.2415     4.5854    34.3951    27.2409     4.5995 0.0000e+00
      86030    883.000    890.706     4.6797   3.304084     4.6856   3.304710     0.9317     0.9122    99.6535     0.0139     4.7138 4.9872e-02      0.068     9.2268      98.63     -0.479          0          1     71.192     71.588         62    34.3924    27.2377     4.6085    34.3936    27.2380     4.6144 0.0000e+00
      86098    882.000    889.695     4.6923   3.305087     4.6938   3.305335     0.9328     0.9134    99.6659     0.0134     4.7144 4.9398e-02      0.067     9.2500      98.63     -0.347          0          1     71.351     71.757         67    34.3915    27.2356     4.6211    34.3929    27.2365     4.6226 0.0000e+00
      86181    881.000    888.684     4.6819   3.304109     4.6919   3.305054     0.9336     0.9144    99.6803     0.0128     4.7151 4.9495e-02      0.067     9.2529      98.63     -0.255          0          1     71.312     71.797         99    34.3914    27.2367     4.6109    34.3921    27.2361     4.6208 0.0000e+00
      86262    880.000    887.673     4.6964   3.305347     4.6998   3.305725     0.9337     0.9146    99.6851     0.0126     4.7153 5.0008e-02      0.071     9.2840      98.63     -0.349          0          1     71.358     71.764         72    34.3913    27.2350     4.6254    34.3922    27.2353     4.6288 0.0000e+00
