CTDdata/C04M001.cnv
* Sea-Bird SBE 9 Data File:
* FileName = C:\MR1703C\CTDdata\C04M001.hdr
* Software Version Seasave V 7.23.2
* Temperature SN = 031464
* Conductivity SN = 041203
* Number of Bytes Per Scan = 41
* Number of Voltage Words = 4
* Number of Scans Averaged by the Deck Unit = 1
* NMEA Latitude = 25 55.70 N
* NMEA Longitude = 126 54.03 E
* NMEA UTC (Time) = May 31 2017 03:57:27
* NMEA baud rate = 4800
** Cruise: MR17-03C
** Station: C04
** Bottom Depth [m]: 1857.0
** Operator: S.Tanihara
# nquan = 29                                
# nvalues = 3663                        
# units = specified
# name 0 = scan: Scan Count
# name 1 = depSM: Depth [salt water, m]
# name 2 = prDM: Pressure, Digiquartz [db]
# name 3 = t090C: Temperature [ITS-90, deg C]
# name 4 = c0S/m: Conductivity [S/m]
# name 5 = t190C: Temperature, 2 [ITS-90, deg C]
# name 6 = c1S/m: Conductivity, 2 [S/m]
# name 7 = sbeox0V: Oxygen raw, SBE 43 [V]
# name 8 = sbeox1V: Oxygen raw, SBE 43, 2 [V]
# name 9 = CStarTr0: Beam Transmission, WET Labs C-Star [%]
# name 10 = CStarAt0: Beam Attenuation, WET Labs C-Star [1/m]
# name 11 = v4: Voltage 4
# name 12 = flSP: Fluorescence, Seapoint
# name 13 = seaTurbMtr: Turbidity, Seapoint [FTU]
# name 14 = wetCDOM: Fluorescence, WET Labs CDOM [mg/m^3]
# name 15 = altM: Altimeter [m]
# name 16 = dz/dtM: Descent Rate [m/s]
# name 17 = modError: Modulo Error Count
# name 18 = pumps: Pump Status
# name 19 = sbeox0Mm/Kg: Oxygen, SBE 43 [umol/kg], WS = 2
# name 20 = sbeox1Mm/Kg: Oxygen, SBE 43, 2 [umol/kg], WS = 2
# name 21 = nbin: number of scans per bin
# name 22 = sal00: Salinity, Practical [PSU]
# name 23 = sigma-é00: Density [sigma-theta, kg/m^3]
# name 24 = potemp090C: Potential Temperature [ITS-90, deg C]
# name 25 = sal11: Salinity, Practical, 2 [PSU]
# name 26 = sigma-é11: Density, 2 [sigma-theta, kg/m^3]
# name 27 = potemp190C: Potential Temperature, 2 [ITS-90, deg C]
# name 28 = flag: flag
# span 0 =      18273,     159655       
# span 1 =      1.000,   1834.000       
# span 2 =      1.007,   1854.186       
# span 3 =     3.5229,    25.5463       
# span 4 =   3.242757,   5.323382       
# span 5 =     3.5233,    25.5837       
# span 6 =   3.242969,   5.325914       
# span 7 =     0.8864,     2.5941       
# span 8 =     0.8652,     2.5354       
# span 9 =    97.8295,    99.9737       
# span 10 =     0.0011,     0.0878      
# span 11 =     4.6276,     4.7289      
# span 12 = 3.6630e-02, 6.9195e-01      
# span 13 =      0.023,      0.096      
# span 14 =    -1.6566,    71.6688      
# span 15 =       9.31,     102.29      
# span 16 =     -1.424,      1.331      
# span 17 =          0,          0      
# span 18 =          1,          1      
# span 19 =     70.675,    209.169      
# span 20 =     70.531,    207.025      
# span 21 =         17,        167      
# span 22 =    34.2372,    35.0173      
# span 23 =    22.9044,    27.4333      
# span 24 =     3.3856,    25.5450      
# span 25 =    34.2389,    35.0206      
# span 26 =    22.9036,    27.4344      
# span 27 =     3.3864,    25.5824      
# span 28 = 0.0000e+00, 0.0000e+00      
# interval = meters: 1
# start_time = May 31 2017 03:57:27 [NMEA time, header]
# bad_flag = -9.990e-29
*END*
[from data line 1001]
      43184   1006.000   1015.054     4.3881   3.285012     4.3901   3.285441     0.9229     0.8990    99.9217     0.0031     4.7265 4.8840e-02      0.037     8.9881      98.63      0.998          0          1     71.214     70.864         25    34.4096    27.2841     4.3083    34.4125    27.2862     4.3103 0.0000e+00
      43209   1007.000   1016.066     4.3883   3.285071     4.3903   3.285498     0.9228     0.8990    99.9217     0.0031     4.7265 4.8840e-02      0.037     8.9506      98.63      0.986          0          1     71.104     70.883         25    34.4096    27.2840     4.3084    34.4125    27.2861     4.3104 0.0000e+00
      43234   1008.000   1017.077     4.3870   3.284996     4.3891   3.285440     0.9230     0.8990    99.9217     0.0031     4.7265 4.8840e-02      0.037     8.9244      98.63      0.966          0          1     71.257     70.865         24    34.4096    27.2842     4.3071    34.4126    27.2863     4.3091 0.0000e+00
      43257   1009.000   1018.089     4.3856   3.284928     4.3876   3.285367     0.9228     0.8990    99.9217     0.0031     4.7265 4.9976e-02      0.036     8.9389      98.63      1.003          0          1     71.232     70.878         23    34.4097    27.2844     4.3056    34.4128    27.2866     4.3076 0.0000e+00
      43278   1010.000   1019.100     4.3859   3.284997     4.3876   3.285410     0.9226     0.8990    99.9217     0.0031     4.7265 5.0061e-02      0.032     8.9524      98.63      1.081          0          1     71.213     70.894         20    34.4097    27.2844     4.3058    34.4128    27.2867     4.3075 0.0000e+00
      43299   1011.000   1020.111     4.3862   3.285061     4.3880   3.285489     0.9232     0.8991    99.9217     0.0031     4.7265 5.0061e-02      0.033     8.9552      98.63      1.162          0          1     71.252     70.870         21    34.4096    27.2843     4.3060    34.4128    27.2866     4.3078 0.0000e+00
      43321   1012.000   1021.123     4.3830   3.284842     4.3856   3.285325     0.9228     0.8989    99.9217     0.0031     4.7265 4.9014e-02      0.037     8.9391      98.63      1.161          0          1     71.243     70.940         23    34.4099    27.2849     4.3027    34.4128    27.2869     4.3053 0.0000e+00
      43345   1013.000   1022.134     4.3801   3.284649     4.3818   3.285047     0.9228     0.8993    99.9217     0.0031     4.7265 4.9064e-02      0.036     8.9431      98.63      1.069          0          1     71.271     71.002         27    34.4101    27.2854     4.2998    34.4130    27.2875     4.3015 0.0000e+00
      43374   1014.000   1023.146     4.3770   3.284439     4.3792   3.284883     0.9229     0.8991    99.9217     0.0031     4.7265 4.9772e-02      0.037     8.9752      98.63      0.878          0          1     71.333     70.939         29    34.4104    27.2859     4.2966    34.4133    27.2880     4.2988 0.0000e+00
      43401   1015.000   1024.157     4.3757   3.284380     4.3775   3.284786     0.9232     0.8993    99.9217     0.0031     4.7265 5.0066e-02      0.037     9.0084      98.63      0.843          0          1     71.422     71.064         25    34.4105    27.2862     4.2952    34.4134    27.2883     4.2970 0.0000e+00
      43424   1016.000   1025.169     4.3624   3.283319     4.3633   3.283642     0.9232     0.8995    99.9217     0.0031     4.7265 4.9707e-02      0.033     9.0231      98.63      0.975          0          1     71.222     71.084         21    34.4114    27.2883     4.2819    34.4142    27.2905     4.2828 0.0000e+00
      43445   1017.000   1026.181     4.3532   3.282630     4.3565   3.283147     0.9227     0.8993    99.9217     0.0031     4.7265 4.9205e-02      0.033     9.0166      98.63      1.117          0          1     71.412     71.052         20    34.4124    27.2901     4.2727    34.4150    27.2918     4.2760 0.0000e+00
      43465   1018.000   1027.192     4.3516   3.282535     4.3534   3.282956     0.9233     0.8994    99.9424     0.0023     4.7275 4.8846e-02      0.031     9.0110      98.63      1.196          0          1     71.672     71.192         22    34.4124    27.2903     4.2711    34.4155    27.2925     4.2728 0.0000e+00
      43488   1019.000   1028.204     4.3527   3.282666     4.3545   3.283085     0.9235     0.8996    99.9474     0.0021     4.7277 4.9783e-02      0.031     9.0207      98.63      1.133          0          1     71.480     71.255         24    34.4123    27.2901     4.2721    34.4153    27.2923     4.2738 0.0000e+00
      43513   1020.000   1029.215     4.3521   3.282651     4.3546   3.283125     0.9234     0.9000    99.9475     0.0021     4.7277 5.0058e-02      0.031     9.0513      98.63      1.015          0          1     71.439     71.219         25    34.4122    27.2901     4.2714    34.4152    27.2922     4.2739 0.0000e+00
      43537   1021.000   1030.226     4.3578   3.283179     4.3585   3.283488     0.9234     0.8995    99.9475     0.0021     4.7277 5.0061e-02      0.031     9.0820      98.63      0.971          0          1     71.469     71.026         24    34.4120    27.2893     4.2769    34.4149    27.2915     4.2776 0.0000e+00
      43561   1022.000   1031.238     4.3567   3.283124     4.3589   3.283552     0.9235     0.8997    99.9475     0.0021     4.7277 5.0061e-02      0.031     9.1012      98.63      1.000          0          1     71.571     71.187         24    34.4120    27.2894     4.2758    34.4147    27.2914     4.2779 0.0000e+00
      43585   1023.000   1032.249     4.3503   3.282649     4.3522   3.283044     0.9235     0.8995    99.9475     0.0021     4.7277 5.0061e-02      0.031     9.1243      98.63      1.025          0          1     71.471     71.145         24    34.4126    27.2906     4.2693    34.4152    27.2925     4.2712 0.0000e+00
      43609   1024.000   1033.261     4.3483   3.282504     4.3500   3.282906     0.9234     0.8995    99.9475     0.0021     4.7277 5.0061e-02      0.031     9.1286      98.63      1.014          0          1     71.396     71.116         24    34.4124    27.2907     4.2673    34.4154    27.2929     4.2689 0.0000e+00
      43634   1025.000   1034.272     4.3465   3.282411     4.3482   3.282811     0.9232     0.8994    99.9372     0.0025     4.7272 4.9232e-02      0.031     9.1297      98.63      0.990          0          1     71.452     71.238         25    34.4127    27.2911     4.2654    34.4156    27.2933     4.2671 0.0000e+00
      43659   1026.000   1035.284     4.3429   3.282179     4.3441   3.282533     0.9231     0.8998    99.9217     0.0031     4.7265 4.9182e-02      0.031     9.1438      98.63      0.978          0          1     71.432     71.323         25    34.4132    27.2919     4.2617    34.4161    27.2941     4.2629 0.0000e+00
      43684   1027.000   1036.295     4.3381   3.281852     4.3396   3.282214     0.9230     0.8997    99.9427     0.0023     4.7275 5.0077e-02      0.031     9.1410      98.63      0.955          0          1     71.492     71.367         25    34.4139    27.2929     4.2569    34.4165    27.2949     4.2584 0.0000e+00
      43709   1028.000   1037.307     4.3366   3.281774     4.3390   3.282237     0.9232     0.9002    99.9475     0.0021     4.7277 5.0061e-02      0.031     9.1318      98.63      0.975          0          1     71.542     71.450         24    34.4140    27.2932     4.2553    34.4169    27.2953     4.2577 0.0000e+00
      43731   1029.000   1038.319     4.3353   3.281709     4.3375   3.282156     0.9232     0.9000    99.9379     0.0025     4.7273 4.9833e-02      0.031     9.1404      98.63      1.045          0          1     71.679     71.365         21    34.4141    27.2934     4.2539    34.4170    27.2955     4.2561 0.0000e+00
      43752   1030.000   1039.330     4.3308   3.281394     4.3329   3.281827     0.9235     0.9003    99.9473     0.0021     4.7277 4.8855e-02      0.031     9.1499      98.63      1.129          0          1     71.729     71.425         21    34.4146    27.2943     4.2494    34.4174    27.2964     4.2515 0.0000e+00
      43773   1031.000   1040.342     4.3284   3.281265     4.3301   3.281659     0.9235     0.9002    99.9475     0.0021     4.7277 4.8840e-02      0.032     9.1706      98.63      1.152          0          1     71.790     71.539         21    34.4150    27.2949     4.2469    34.4179    27.2970     4.2486 0.0000e+00
      43795   1032.000   1041.353     4.3277   3.281245     4.3296   3.281657     0.9241     0.9004    99.9475     0.0021     4.7277 5.0010e-02      0.032     9.1740      98.63      1.136          0          1     71.815     71.498         22    34.4150    27.2950     4.2461    34.4179    27.2971     4.2480 0.0000e+00
      43817   1033.000   1042.365     4.3271   3.281253     4.3290   3.281664     0.9240     0.9005    99.9475     0.0021     4.7277 5.0062e-02      0.031     9.1720      98.63      1.096          0          1     71.774     71.538         23    34.4152    27.2952     4.2454    34.4181    27.2973     4.2473 0.0000e+00
      43841   1034.000   1043.376     4.3271   3.281299     4.3293   3.281726     0.9240     0.9005    99.9475     0.0021     4.7277 4.9269e-02      0.031     9.1471      98.63      1.042          0          1     71.700     71.528         25    34.4153    27.2953     4.2454    34.4180    27.2972     4.2475 0.0000e+00
      43868   1035.000   1044.389     4.3264   3.281294     4.3284   3.281698     0.9239     0.9007    99.9475     0.0021     4.7277 4.8836e-02      0.031     9.1007      98.63      0.962          0          1     71.800     71.526         28    34.4154    27.2955     4.2446    34.4181    27.2974     4.2466 0.0000e+00
      43896   1036.000   1045.400     4.3254   3.281277     4.3275   3.281673     0.9241     0.9006    99.9475     0.0021     4.7277 4.9097e-02      0.031     9.0811      98.63      0.859          0          1     71.860     71.627         29    34.4158    27.2959     4.2435    34.4182    27.2976     4.2456 0.0000e+00
      43923   1037.000   1046.411     4.3248   3.281262     4.3268   3.281668     0.9241     0.9010    99.9475     0.0021     4.7277 4.9813e-02      0.033     9.0792      98.63      0.877          0          1     71.824     71.553         24    34.4157    27.2959     4.2428    34.4184    27.2978     4.2448 0.0000e+00
      43945   1038.000   1047.423     4.3230   3.281163     4.3250   3.281577     0.9245     0.9008    99.9475     0.0021     4.7277 4.9651e-02      0.031     9.0798      98.63      0.994          0          1     71.875     71.468         21    34.4159    27.2963     4.2409    34.4187    27.2983     4.2429 0.0000e+00
      43965   1039.000   1048.435     4.3218   3.281106     4.3235   3.281519     0.9241     0.9006    99.9475     0.0021     4.7277 4.9416e-02      0.031     9.0833      98.63      1.125          0          1     71.755     71.469         19    34.4160    27.2965     4.2397    34.4190    27.2987     4.2413 0.0000e+00
      43984   1040.000   1049.446     4.3153   3.280648     4.3177   3.281081     0.9239     0.9006    99.9475     0.0021     4.7277 4.8843e-02      0.031     9.0769      98.63      1.239          0          1     71.946     71.640         20    34.4169    27.2978     4.2331    34.4194    27.2996     4.2355 0.0000e+00
      44006   1041.000   1050.458     4.3117   3.280419     4.3134   3.280823     0.9246     0.9006    99.9475     0.0021     4.7277 4.8840e-02      0.031     9.0747      98.63      1.224          0          1     72.068     71.703         23    34.4174    27.2987     4.2295    34.4204    27.3008     4.2311 0.0000e+00
      44032   1042.000   1051.469     4.3110   3.280420     4.3130   3.280823     0.9246     0.9012    99.9475     0.0021     4.7277 4.9162e-02      0.031     9.0835      98.63      1.019          0          1     72.109     71.807         30    34.4176    27.2989     4.2287    34.4203    27.3008     4.2307 0.0000e+00
      44061   1043.000   1052.481     4.3100   3.280378     4.3121   3.280792     0.9250     0.9012    99.9475     0.0021     4.7277 4.8837e-02      0.031     9.0895      98.63      0.830          0          1     72.131     71.857         27    34.4177    27.2991     4.2276    34.4203    27.3010     4.2297 0.0000e+00
      44085   1044.000   1053.492     4.3087   3.280316     4.3106   3.280721     0.9250     0.9014    99.9475     0.0021     4.7277 4.8840e-02      0.031     9.0675      98.63      0.915          0          1     72.019     71.801         21    34.4178    27.2993     4.2262    34.4206    27.3013     4.2281 0.0000e+00
      44106   1045.000   1054.504     4.3055   3.280112     4.3082   3.280572     0.9250     0.9016    99.9475     0.0021     4.7277 4.8957e-02      0.031     9.0427      98.63      1.080          0          1     72.110     71.856         21    34.4182    27.3000     4.2230    34.4208    27.3018     4.2256 0.0000e+00
      44127   1046.000   1055.516     4.3025   3.279916     4.3050   3.280364     0.9250     0.9016    99.9475     0.0021     4.7277 5.0048e-02      0.031     9.0192      98.63      1.179          0          1     72.209     71.825         21    34.4185    27.3006     4.2199    34.4212    27.3024     4.2224 0.0000e+00
      44151   1047.000   1056.527     4.2982   3.279640     4.3002   3.280035     0.9254     0.9015    99.9475     0.0021     4.7277 5.0061e-02      0.031     9.0151      98.63      1.104          0          1     72.288     71.876         27    34.4193    27.3016     4.2155    34.4218    27.3034     4.2175 0.0000e+00
      44178   1048.000   1057.539     4.2972   3.279598     4.2992   3.280007     0.9257     0.9019    99.9475     0.0021     4.7277 5.0061e-02      0.031     9.0325      98.63      0.911          0          1     72.282     72.053         27    34.4193    27.3018     4.2145    34.4220    27.3037     4.2164 0.0000e+00
      44203   1049.000   1058.551     4.2960   3.279557     4.2979   3.279961     0.9256     0.9018    99.9475     0.0021     4.7277 4.9781e-02      0.031     9.0399      98.63      0.924          0          1     72.338     71.967         22    34.4196    27.3021     4.2132    34.4223    27.3041     4.2151 0.0000e+00
      44223   1050.000   1059.563     4.2955   3.279551     4.2974   3.279960     0.9258     0.9024    99.9475     0.0021     4.7277 4.9269e-02      0.034     9.0548      98.63      1.068          0          1     72.243     72.168         20    34.4195    27.3021     4.2126    34.4223    27.3042     4.2145 0.0000e+00
      44243   1051.000   1060.574     4.2927   3.279381     4.2948   3.279799     0.9257     0.9021    99.9475     0.0021     4.7277 4.8908e-02      0.037     9.0684      98.63      1.194          0          1     72.231     71.918         20    34.4199    27.3028     4.2097    34.4226    27.3047     4.2118 0.0000e+00
      44265   1052.000   1061.586     4.2912   3.279310     4.2931   3.279707     0.9259     0.9022    99.9475     0.0021     4.7277 5.0035e-02      0.032     9.0508      98.63      1.203          0          1     72.462     72.006         23    34.4201    27.3031     4.2082    34.4228    27.3050     4.2100 0.0000e+00
      44291   1053.000   1062.597     4.2909   3.279340     4.2928   3.279731     0.9260     0.9023    99.9475     0.0021     4.7277 5.0061e-02      0.031     9.0447      98.63      1.026          0          1     72.349     72.077         28    34.4203    27.3033     4.2078    34.4229    27.3051     4.2097 0.0000e+00
      44318   1054.000   1063.609     4.2902   3.279332     4.2923   3.279735     0.9260     0.9023    99.9211     0.0031     4.7265 5.0061e-02      0.031     9.0452      98.63      0.874          0          1     72.351     71.988         26    34.4204    27.3034     4.2070    34.4230    27.3052     4.2091 0.0000e+00
