CTDdata/C04M001.cnv
* Sea-Bird SBE 9 Data File:
* FileName = C:\MR1703C\CTDdata\C04M001.hdr
* Software Version Seasave V 7.23.2
* Temperature SN = 031464
* Conductivity SN = 041203
* Number of Bytes Per Scan = 41
* Number of Voltage Words = 4
* Number of Scans Averaged by the Deck Unit = 1
* NMEA Latitude = 25 55.70 N
* NMEA Longitude = 126 54.03 E
* NMEA UTC (Time) = May 31 2017 03:57:27
* NMEA baud rate = 4800
** Cruise: MR17-03C
** Station: C04
** Bottom Depth [m]: 1857.0
** Operator: S.Tanihara
# nquan = 29                                
# nvalues = 3663                        
# units = specified
# name 0 = scan: Scan Count
# name 1 = depSM: Depth [salt water, m]
# name 2 = prDM: Pressure, Digiquartz [db]
# name 3 = t090C: Temperature [ITS-90, deg C]
# name 4 = c0S/m: Conductivity [S/m]
# name 5 = t190C: Temperature, 2 [ITS-90, deg C]
# name 6 = c1S/m: Conductivity, 2 [S/m]
# name 7 = sbeox0V: Oxygen raw, SBE 43 [V]
# name 8 = sbeox1V: Oxygen raw, SBE 43, 2 [V]
# name 9 = CStarTr0: Beam Transmission, WET Labs C-Star [%]
# name 10 = CStarAt0: Beam Attenuation, WET Labs C-Star [1/m]
# name 11 = v4: Voltage 4
# name 12 = flSP: Fluorescence, Seapoint
# name 13 = seaTurbMtr: Turbidity, Seapoint [FTU]
# name 14 = wetCDOM: Fluorescence, WET Labs CDOM [mg/m^3]
# name 15 = altM: Altimeter [m]
# name 16 = dz/dtM: Descent Rate [m/s]
# name 17 = modError: Modulo Error Count
# name 18 = pumps: Pump Status
# name 19 = sbeox0Mm/Kg: Oxygen, SBE 43 [umol/kg], WS = 2
# name 20 = sbeox1Mm/Kg: Oxygen, SBE 43, 2 [umol/kg], WS = 2
# name 21 = nbin: number of scans per bin
# name 22 = sal00: Salinity, Practical [PSU]
# name 23 = sigma-é00: Density [sigma-theta, kg/m^3]
# name 24 = potemp090C: Potential Temperature [ITS-90, deg C]
# name 25 = sal11: Salinity, Practical, 2 [PSU]
# name 26 = sigma-é11: Density, 2 [sigma-theta, kg/m^3]
# name 27 = potemp190C: Potential Temperature, 2 [ITS-90, deg C]
# name 28 = flag: flag
# span 0 =      18273,     159655       
# span 1 =      1.000,   1834.000       
# span 2 =      1.007,   1854.186       
# span 3 =     3.5229,    25.5463       
# span 4 =   3.242757,   5.323382       
# span 5 =     3.5233,    25.5837       
# span 6 =   3.242969,   5.325914       
# span 7 =     0.8864,     2.5941       
# span 8 =     0.8652,     2.5354       
# span 9 =    97.8295,    99.9737       
# span 10 =     0.0011,     0.0878      
# span 11 =     4.6276,     4.7289      
# span 12 = 3.6630e-02, 6.9195e-01      
# span 13 =      0.023,      0.096      
# span 14 =    -1.6566,    71.6688      
# span 15 =       9.31,     102.29      
# span 16 =     -1.424,      1.331      
# span 17 =          0,          0      
# span 18 =          1,          1      
# span 19 =     70.675,    209.169      
# span 20 =     70.531,    207.025      
# span 21 =         17,        167      
# span 22 =    34.2372,    35.0173      
# span 23 =    22.9044,    27.4333      
# span 24 =     3.3856,    25.5450      
# span 25 =    34.2389,    35.0206      
# span 26 =    22.9036,    27.4344      
# span 27 =     3.3864,    25.5824      
# span 28 = 0.0000e+00, 0.0000e+00      
# interval = meters: 1
# start_time = May 31 2017 03:57:27 [NMEA time, header]
# bad_flag = -9.990e-29
*END*
[from data line 1851]
      70959   1812.000   1831.848     3.5346   3.249467     3.5349   3.249632     0.8875     0.8669    99.8144     0.0075     4.7214 4.9167e-02      0.036    10.0824      30.58     -0.570          0          1     74.100     74.354         53    34.4791    27.4325     3.3912    34.4807    27.4338     3.3915 0.0000e+00
      71017   1811.000   1830.832     3.5345   3.249423     3.5349   3.249583     0.8877     0.8669    99.8015     0.0080     4.7208 4.9701e-02      0.034    10.0778      31.69     -0.378          0          1     74.069     74.312         52    34.4791    27.4326     3.3912    34.4806    27.4337     3.3916 0.0000e+00
      71058   1810.000   1829.817     3.5342   3.249364     3.5347   3.249526     0.8877     0.8669    99.7925     0.0083     4.7204 4.8837e-02      0.043    10.1092      32.52     -0.591          0          1     74.167     74.332         36    34.4792    27.4327     3.3910    34.4806    27.4338     3.3915 0.0000e+00
      71093   1809.000   1828.802     3.5340   3.249304     3.5345   3.249476     0.8878     0.8669    99.7925     0.0083     4.7204 4.9373e-02      0.044    10.1233      33.49     -0.692          0          1     74.024     74.294         36    34.4792    27.4327     3.3909    34.4807    27.4339     3.3914 0.0000e+00
      71139   1808.000   1827.786     3.5340   3.249260     3.5344   3.249419     0.8876     0.8670    99.8080     0.0077     4.7211 4.9276e-02      0.039    10.1108      34.58     -0.546          0          1     73.988     74.354         63    34.4792    27.4327     3.3910    34.4806    27.4338     3.3914 0.0000e+00
      71210   1807.000   1826.771     3.5338   3.249202     3.5343   3.249371     0.8878     0.8670    99.7948     0.0082     4.7205 4.9697e-02      0.043    10.1023      35.70     -0.300          0          1     74.101     74.388         62    34.4792    27.4327     3.3909    34.4807    27.4338     3.3914 0.0000e+00
      71260   1806.000   1825.756     3.5338   3.249159     3.5342   3.249322     0.8877     0.8671    99.7947     0.0082     4.7205 4.8828e-02      0.044    10.1506      36.58     -0.494          0          1     74.083     74.261         46    34.4792    27.4326     3.3910    34.4807    27.4338     3.3914 0.0000e+00
      71304   1805.000   1824.741     3.5336   3.249100     3.5339   3.249260     0.8879     0.8671    99.8012     0.0080     4.7208 4.8840e-02      0.044    10.1280      37.52     -0.553          0          1     74.054     74.417         42    34.4791    27.4327     3.3909    34.4807    27.4339     3.3912 0.0000e+00
      71350   1804.000   1823.725     3.5335   3.249041     3.5338   3.249212     0.8879     0.8672    99.7952     0.0082     4.7205 4.8840e-02      0.037    10.0665      38.58     -0.541          0          1     74.044     74.345         57    34.4790    27.4326     3.3909    34.4807    27.4339     3.3912 0.0000e+00
      71429   1803.000   1822.710     3.5330   3.248970     3.5333   3.249129     0.8880     0.8673    99.7905     0.0084     4.7203 4.9167e-02      0.037    10.1237      39.74     -0.264          0          1     74.069     74.338         87    34.4792    27.4327     3.3905    34.4808    27.4340     3.3908 0.0000e+00
      71527   1802.000   1821.695     3.5329   3.248917     3.5333   3.249083     0.8881     0.8674    99.8198     0.0072     4.7217 4.9750e-02      0.045    10.1690      40.71     -0.229          0          1     74.086     74.419        108    34.4792    27.4327     3.3905    34.4807    27.4339     3.3909 0.0000e+00
      71623   1801.000   1820.679     3.5328   3.248868     3.5331   3.249022     0.8881     0.8675    99.8184     0.0073     4.7216 4.9347e-02      0.041    10.1521      41.71     -0.248          0          1     74.053     74.341        110    34.4792    27.4327     3.3905    34.4807    27.4339     3.3908 0.0000e+00
      72008   1800.000   1819.664     3.5323   3.248785     3.5326   3.248941     0.8883     0.8674    99.8058     0.0078     4.7210 4.9172e-02      0.043    10.1918      42.66     -0.253          0          1     74.102     74.299         85    34.4792    27.4328     3.3901    34.4807    27.4340     3.3904 0.0000e+00
      73691   1799.000   1818.649     3.5319   3.248709     3.5322   3.248863     0.8883     0.8675    99.8187     0.0073     4.7216 4.8943e-02      0.047    10.0611      43.50     -0.422          0          1     74.079     74.348         45    34.4792    27.4328     3.3898    34.4807    27.4340     3.3900 0.0000e+00
      73699   1798.000   1817.633     3.5318   3.248658     3.5321   3.248820     0.8885     0.8675    99.8184     0.0073     4.7216 5.0016e-02      0.043    10.0891      44.49     -0.526          0          1     74.127     74.329         54    34.4792    27.4328     3.3898    34.4808    27.4340     3.3900 0.0000e+00
      73761   1797.000   1816.618     3.5319   3.248623     3.5322   3.248775     0.8884     0.8675    99.8184     0.0073     4.7216 4.9130e-02      0.041    10.1120      45.55     -0.357          0          1     74.105     74.320         58    34.4792    27.4328     3.3899    34.4806    27.4339     3.3902 0.0000e+00
      73804   1796.000   1815.603     3.5316   3.248556     3.5321   3.248724     0.8884     0.8675    99.8184     0.0073     4.7216 4.9153e-02      0.045    10.1238      46.32     -0.567          0          1     74.015     74.310         35    34.4792    27.4328     3.3897    34.4806    27.4339     3.3902 0.0000e+00
      73840   1795.000   1814.588     3.5312   3.248486     3.5317   3.248646     0.8883     0.8675    99.8184     0.0073     4.7216 5.0041e-02      0.040    10.1587      47.30     -0.680          0          1     73.982     74.302         40    34.4792    27.4329     3.3894    34.4806    27.4339     3.3899 0.0000e+00
      73884   1794.000   1813.572     3.5310   3.248424     3.5315   3.248590     0.8883     0.8675    99.8184     0.0073     4.7216 4.9033e-02      0.037    10.2345      48.42     -0.549          0          1     74.103     74.300         44    34.4792    27.4328     3.3893    34.4806    27.4339     3.3898 0.0000e+00
      73920   1793.000   1812.557     3.5310   3.248380     3.5315   3.248544     0.8885     0.8677    99.8184     0.0073     4.7216 4.8961e-02      0.038    10.2664      49.40     -0.633          0          1     74.123     74.518         30    34.4792    27.4328     3.3894    34.4806    27.4339     3.3899 0.0000e+00
      73948   1792.000   1811.542     3.5309   3.248330     3.5315   3.248499     0.8884     0.8677    99.8184     0.0073     4.7216 4.8971e-02      0.037    10.2739      50.17     -0.824          0          1     74.061     74.236         28    34.4792    27.4328     3.3894    34.4805    27.4338     3.3900 0.0000e+00
      73978   1791.000   1810.527     3.5309   3.248284     3.5313   3.248453     0.8886     0.8679    99.8184     0.0073     4.7216 4.8842e-02      0.038    10.2745      70.38     -0.848          0          1     74.086     74.423         32    34.4791    27.4328     3.3895    34.4807    27.4340     3.3899 0.0000e+00
      74012   1790.000   1809.511     3.5308   3.248240     3.5312   3.248403     0.8885     0.8678    99.8184     0.0073     4.7216 4.8840e-02      0.037    10.2977      52.32     -0.724          0          1     74.010     74.106         35    34.4792    27.4328     3.3895    34.4807    27.4340     3.3899 0.0000e+00
      74044   1789.000   1808.496     3.5308   3.248191     3.5311   3.248355     0.8888     0.8679    99.8340     0.0066     4.7223 4.8886e-02      0.042    10.2994      53.30     -0.738          0          1     74.247     74.729         27    34.4791    27.4327     3.3896    34.4807    27.4340     3.3899 0.0000e+00
      74069   1788.000   1807.481     3.5305   3.248135     3.5310   3.248308     0.8888     0.8684    99.8183     0.0073     4.7216 4.9726e-02      0.049    10.3165      54.12     -0.891          0          1     74.048     74.267         25    34.4792    27.4329     3.3894    34.4807    27.4340     3.3899 0.0000e+00
      74094   1787.000   1806.466     3.5305   3.248097     3.5310   3.248254     0.8888     0.8679    99.8184     0.0073     4.7216 4.8851e-02      0.048    10.3137      70.36     -0.974          0          1     74.035     74.334         26    34.4792    27.4329     3.3895    34.4806    27.4339     3.3900 0.0000e+00
      74120   1786.000   1805.451     3.5305   3.248052     3.5309   3.248209     0.8889     0.8682    99.8439     0.0062     4.7228 4.8840e-02      0.044    10.2579      62.80     -0.952          0          1     74.110     74.418         26    34.4792    27.4328     3.3896    34.4806    27.4339     3.3900 0.0000e+00
      74145   1785.000   1804.435     3.5305   3.248007     3.5311   3.248185     0.8888     0.8682    99.8442     0.0062     4.7228 4.8840e-02      0.043    10.1938      76.63     -0.942          0          1     73.971     74.354         24    34.4792    27.4328     3.3897    34.4806    27.4339     3.3903 0.0000e+00
      74168   1784.000   1803.420     3.5306   3.247977     3.5310   3.248143     0.8889     0.8682    99.8442     0.0062     4.7228 4.9776e-02      0.043    10.1488      68.57     -1.009          0          1     74.084     74.440         21    34.4792    27.4328     3.3899    34.4807    27.4340     3.3903 0.0000e+00
      74189   1783.000   1802.405     3.5306   3.247937     3.5311   3.248096     0.8887     0.8685    99.8293     0.0068     4.7221 5.0064e-02      0.041    10.1181      98.92     -1.113          0          1     73.993     74.501         21    34.4792    27.4328     3.3900    34.4806    27.4338     3.3905 0.0000e+00
      74210   1782.000   1801.390     3.5307   3.247907     3.5310   3.248063     0.8890     0.8686    99.8382     0.0065     4.7225 4.9347e-02      0.043    10.0701      91.05     -1.163          0          1     74.111     74.346         22    34.4792    27.4328     3.3902    34.4808    27.4340     3.3904 0.0000e+00
      74234   1781.000   1800.375     3.5308   3.247869     3.5311   3.248026     0.8888     0.8684    99.8441     0.0062     4.7228 4.9038e-02      0.043    10.0010      61.77     -1.107          0          1     74.027     74.379         25    34.4792    27.4327     3.3903    34.4807    27.4339     3.3906 0.0000e+00
      74261   1780.000   1799.359     3.5307   3.247817     3.5312   3.247986     0.8891     0.8686    99.8442     0.0062     4.7228 5.0059e-02      0.038     9.9189      67.70     -0.950          0          1     74.071     74.458         29    34.4791    27.4327     3.3903    34.4806    27.4338     3.3908 0.0000e+00
      74289   1779.000   1798.344     3.5306   3.247769     3.5310   3.247931     0.8890     0.8688    99.8442     0.0062     4.7228 4.9612e-02      0.040     9.8692      99.26     -0.866          0          1     74.135     74.458         25    34.4792    27.4327     3.3903    34.4807    27.4339     3.3907 0.0000e+00
      74312   1778.000   1797.329     3.5306   3.247728     3.5310   3.247885     0.8893     0.8686    99.8442     0.0062     4.7228 4.8988e-02      0.037     9.8656      83.05     -0.949          0          1     74.284     74.360         23    34.4792    27.4327     3.3904    34.4806    27.4338     3.3908 0.0000e+00
      74334   1777.000   1796.314     3.5305   3.247672     3.5309   3.247847     0.8896     0.8689    99.8442     0.0062     4.7228 4.8842e-02      0.044     9.8424      90.34     -1.074          0          1     74.104     74.458         21    34.4791    27.4326     3.3904    34.4807    27.4339     3.3908 0.0000e+00
      74355   1776.000   1795.299     3.5304   3.247625     3.5308   3.247789     0.8893     0.8688    99.8442     0.0062     4.7228 4.9239e-02      0.049     9.8152      98.47     -1.155          0          1     73.925     74.350         21    34.4791    27.4327     3.3904    34.4806    27.4339     3.3908 0.0000e+00
      74376   1775.000   1794.284     3.5303   3.247577     3.5308   3.247750     0.8893     0.8688    99.8442     0.0062     4.7228 4.9941e-02      0.047     9.8154      98.63     -1.162          0          1     74.148     74.357         21    34.4791    27.4327     3.3904    34.4807    27.4339     3.3909 0.0000e+00
      74398   1774.000   1793.269     3.5301   3.247524     3.5306   3.247690     0.8894     0.8688    99.8442     0.0062     4.7228 4.9794e-02      0.039     9.8156      85.88     -1.122          0          1     74.076     74.274         23    34.4792    27.4328     3.3903    34.4806    27.4339     3.3908 0.0000e+00
      74420   1773.000   1792.253     3.5297   3.247441     3.5303   3.247612     0.8895     0.8686    99.8442     0.0062     4.7228 4.9536e-02      0.038     9.8030      90.91     -1.095          0          1     74.113     74.341         21    34.4791    27.4327     3.3900    34.4805    27.4338     3.3906 0.0000e+00
      74441   1772.000   1791.238     3.5291   3.247345     3.5296   3.247518     0.8896     0.8687    99.8442     0.0062     4.7228 5.0068e-02      0.040     9.7627      98.73     -1.124          0          1     74.063     74.406         21    34.4791    27.4328     3.3895    34.4806    27.4339     3.3900 0.0000e+00
      74462   1771.000   1790.223     3.5286   3.247274     3.5293   3.247442     0.8895     0.8688    99.8442     0.0062     4.7228 5.0061e-02      0.037     9.7582      97.80     -1.167          0          1     74.011     74.337         21    34.4793    27.4329     3.3891    34.4805    27.4339     3.3898 0.0000e+00
      74483   1770.000   1789.208     3.5280   3.247172     3.5286   3.247342     0.8895     0.8688    99.8442     0.0062     4.7228 4.9457e-02      0.037     9.7599      81.27     -1.166          0          1     74.186     74.747         22    34.4792    27.4329     3.3886    34.4806    27.4339     3.3892 0.0000e+00
      74506   1769.000   1788.193     3.5279   3.247128     3.5284   3.247295     0.8897     0.8692    99.8442     0.0062     4.7228 4.8845e-02      0.037     9.8053      98.47     -1.108          0          1     74.130     74.343         24    34.4792    27.4330     3.3886    34.4807    27.4341     3.3891 0.0000e+00
      74531   1768.000   1787.178     3.5274   3.247031     3.5280   3.247222     0.8898     0.8688    99.8442     0.0062     4.7228 4.9459e-02      0.037     9.8272      98.63     -1.018          0          1     74.073     74.129         24    34.4791    27.4329     3.3882    34.4807    27.4341     3.3888 0.0000e+00
      74554   1767.000   1786.163     3.5270   3.246969     3.5276   3.247134     0.8898     0.8688    99.8442     0.0062     4.7228 4.9694e-02      0.043     9.8499      98.63     -1.001          0          1     74.097     74.548         23    34.4793    27.4330     3.3879    34.4806    27.4340     3.3885 0.0000e+00
      74576   1766.000   1785.148     3.5268   3.246907     3.5273   3.247076     0.8898     0.8694    99.8442     0.0062     4.7228 4.8833e-02      0.043     9.8800      98.63     -1.068          0          1     74.089     74.568         21    34.4792    27.4330     3.3878    34.4807    27.4342     3.3883 0.0000e+00
      74597   1765.000   1784.132     3.5267   3.246860     3.5271   3.247026     0.8898     0.8693    99.8442     0.0062     4.7228 4.9695e-02      0.043     9.8803      98.63     -1.151          0          1     74.076     74.192         20    34.4793    27.4331     3.3878    34.4808    27.4342     3.3882 0.0000e+00
      74616   1764.000   1783.117     3.5267   3.246821     3.5271   3.246978     0.8899     0.8692    99.8442     0.0062     4.7228 5.0059e-02      0.039     9.8955      98.63     -1.208          0          1     74.089     74.459         20    34.4793    27.4331     3.3879    34.4807    27.4342     3.3883 0.0000e+00
