CTDdata/C04M001.cnv
* Sea-Bird SBE 9 Data File:
* FileName = C:\MR1703C\CTDdata\C04M001.hdr
* Software Version Seasave V 7.23.2
* Temperature SN = 031464
* Conductivity SN = 041203
* Number of Bytes Per Scan = 41
* Number of Voltage Words = 4
* Number of Scans Averaged by the Deck Unit = 1
* NMEA Latitude = 25 55.70 N
* NMEA Longitude = 126 54.03 E
* NMEA UTC (Time) = May 31 2017 03:57:27
* NMEA baud rate = 4800
** Cruise: MR17-03C
** Station: C04
** Bottom Depth [m]: 1857.0
** Operator: S.Tanihara
# nquan = 29                                
# nvalues = 3663                        
# units = specified
# name 0 = scan: Scan Count
# name 1 = depSM: Depth [salt water, m]
# name 2 = prDM: Pressure, Digiquartz [db]
# name 3 = t090C: Temperature [ITS-90, deg C]
# name 4 = c0S/m: Conductivity [S/m]
# name 5 = t190C: Temperature, 2 [ITS-90, deg C]
# name 6 = c1S/m: Conductivity, 2 [S/m]
# name 7 = sbeox0V: Oxygen raw, SBE 43 [V]
# name 8 = sbeox1V: Oxygen raw, SBE 43, 2 [V]
# name 9 = CStarTr0: Beam Transmission, WET Labs C-Star [%]
# name 10 = CStarAt0: Beam Attenuation, WET Labs C-Star [1/m]
# name 11 = v4: Voltage 4
# name 12 = flSP: Fluorescence, Seapoint
# name 13 = seaTurbMtr: Turbidity, Seapoint [FTU]
# name 14 = wetCDOM: Fluorescence, WET Labs CDOM [mg/m^3]
# name 15 = altM: Altimeter [m]
# name 16 = dz/dtM: Descent Rate [m/s]
# name 17 = modError: Modulo Error Count
# name 18 = pumps: Pump Status
# name 19 = sbeox0Mm/Kg: Oxygen, SBE 43 [umol/kg], WS = 2
# name 20 = sbeox1Mm/Kg: Oxygen, SBE 43, 2 [umol/kg], WS = 2
# name 21 = nbin: number of scans per bin
# name 22 = sal00: Salinity, Practical [PSU]
# name 23 = sigma-é00: Density [sigma-theta, kg/m^3]
# name 24 = potemp090C: Potential Temperature [ITS-90, deg C]
# name 25 = sal11: Salinity, Practical, 2 [PSU]
# name 26 = sigma-é11: Density, 2 [sigma-theta, kg/m^3]
# name 27 = potemp190C: Potential Temperature, 2 [ITS-90, deg C]
# name 28 = flag: flag
# span 0 =      18273,     159655       
# span 1 =      1.000,   1834.000       
# span 2 =      1.007,   1854.186       
# span 3 =     3.5229,    25.5463       
# span 4 =   3.242757,   5.323382       
# span 5 =     3.5233,    25.5837       
# span 6 =   3.242969,   5.325914       
# span 7 =     0.8864,     2.5941       
# span 8 =     0.8652,     2.5354       
# span 9 =    97.8295,    99.9737       
# span 10 =     0.0011,     0.0878      
# span 11 =     4.6276,     4.7289      
# span 12 = 3.6630e-02, 6.9195e-01      
# span 13 =      0.023,      0.096      
# span 14 =    -1.6566,    71.6688      
# span 15 =       9.31,     102.29      
# span 16 =     -1.424,      1.331      
# span 17 =          0,          0      
# span 18 =          1,          1      
# span 19 =     70.675,    209.169      
# span 20 =     70.531,    207.025      
# span 21 =         17,        167      
# span 22 =    34.2372,    35.0173      
# span 23 =    22.9044,    27.4333      
# span 24 =     3.3856,    25.5450      
# span 25 =    34.2389,    35.0206      
# span 26 =    22.9036,    27.4344      
# span 27 =     3.3864,    25.5824      
# span 28 = 0.0000e+00, 0.0000e+00      
# interval = meters: 1
# start_time = May 31 2017 03:57:27 [NMEA time, header]
# bad_flag = -9.990e-29
*END*
[from data line 2151]
      82527   1512.000   1527.465     3.7319   3.253366     3.7323   3.253516     0.9055     0.8857    99.9217     0.0031     4.7265 4.9868e-02      0.030     9.8686      98.63     -0.746          0          1     74.198     74.479         32    34.4666    27.4010     3.6135    34.4680    27.4020     3.6139 0.0000e+00
      82561   1511.000   1526.451     3.7321   3.253340     3.7325   3.253487     0.9056     0.8854    99.9217     0.0031     4.7265 4.9466e-02      0.028     9.9038      98.63     -0.728          0          1     74.184     74.546         35    34.4666    27.4009     3.6138    34.4679    27.4019     3.6142 0.0000e+00
      82597   1510.000   1525.437     3.7326   3.253337     3.7326   3.253455     0.9055     0.8856    99.9144     0.0034     4.7262 4.8852e-02      0.031     9.9387      98.63     -0.694          0          1     74.127     74.440         38    34.4665    27.4008     3.6144    34.4679    27.4019     3.6144 0.0000e+00
      82638   1509.000   1524.423     3.7334   3.253355     3.7334   3.253471     0.9054     0.8854    99.9106     0.0036     4.7260 4.8840e-02      0.031     9.9543      98.63     -0.599          0          1     74.003     74.524         44    34.4664    27.4006     3.6153    34.4678    27.4017     3.6153 0.0000e+00
      82682   1508.000   1523.410     3.7333   3.253298     3.7330   3.253398     0.9056     0.8857    99.9218     0.0031     4.7265 4.8840e-02      0.031     9.9573      98.63     -0.547          0          1     74.240     74.598         42    34.4663    27.4006     3.6153    34.4678    27.4018     3.6150 0.0000e+00
      82723   1507.000   1522.396     3.7334   3.253267     3.7337   3.253420     0.9054     0.8858    99.9217     0.0031     4.7265 4.8840e-02      0.031     9.9192      98.63     -0.602          0          1     74.050     74.493         42    34.4664    27.4006     3.6155    34.4679    27.4017     3.6158 0.0000e+00
      82781   1506.000   1521.382     3.7328   3.253183     3.7331   3.253323     0.9056     0.8857    99.9039     0.0039     4.7257 4.8840e-02      0.029     9.9270      98.63     -0.394          0          1     74.113     74.517         74    34.4665    27.4007     3.6150    34.4678    27.4018     3.6153 0.0000e+00
      82838   1505.000   1520.368     3.7326   3.253116     3.7330   3.253272     0.9057     0.8858    99.8993     0.0041     4.7255 4.8840e-02      0.030     9.9503      98.63     -0.446          0          1     74.192     74.641         36    34.4664    27.4007     3.6149    34.4678    27.4018     3.6153 0.0000e+00
      82871   1504.000   1519.354     3.7326   3.253068     3.7329   3.253216     0.9058     0.8858    99.9132     0.0035     4.7261 4.8840e-02      0.031     9.9166      98.63     -0.708          0          1     74.150     74.349         35    34.4663    27.4006     3.6150    34.4678    27.4017     3.6152 0.0000e+00
      82953   1503.000   1518.340     3.7318   3.252968     3.7320   3.253103     0.9058     0.8859    99.9127     0.0035     4.7261 4.9275e-02      0.026     9.8493      98.63     -0.326          0          1     74.098     74.578         78    34.4665    27.4008     3.6143    34.4679    27.4019     3.6144 0.0000e+00
      83057   1502.000   1517.327     3.7314   3.252896     3.7318   3.253053     0.9058     0.8859    99.9150     0.0034     4.7262 4.9481e-02      0.031     9.8237      98.63     -0.262          0          1     74.154     74.481        115    34.4665    27.4009     3.6139    34.4680    27.4020     3.6143 0.0000e+00
      83187   1501.000   1516.313     3.7318   3.252887     3.7320   3.253029     0.9059     0.8859    99.9086     0.0037     4.7259 4.9047e-02      0.029     9.8518      98.63     -0.178          0          1     74.128     74.515        127    34.4665    27.4008     3.6144    34.4680    27.4019     3.6146 0.0000e+00
      83791   1500.000   1515.299     3.7305   3.252737     3.7314   3.252931     0.9061     0.8859    99.9064     0.0037     4.7258 4.9430e-02      0.032     9.8932      98.63     -0.381          0          1     74.103     74.545         62    34.4666    27.4010     3.6132    34.4679    27.4019     3.6141 0.0000e+00
      84957   1499.000   1514.285     3.7290   3.252579     3.7301   3.252793     0.9064     0.8865    99.9161     0.0033     4.7262 4.8845e-02      0.031     9.7593      98.63     -0.728          0          1     74.320     74.570         33    34.4668    27.4012     3.6118    34.4681    27.4022     3.6129 0.0000e+00
      85006   1498.000   1513.271     3.7351   3.253029     3.7337   3.253045     0.9067     0.8865    99.9135     0.0034     4.7261 4.8840e-02      0.031     9.7272      98.63     -0.641          0          1     74.229     74.586         47    34.4662    27.4002     3.6180    34.4679    27.4017     3.6166 0.0000e+00
      85048   1497.000   1512.257     3.7340   3.252887     3.7340   3.253019     0.9066     0.8865    99.9220     0.0031     4.7265 4.8840e-02      0.031     9.7069      98.63     -0.547          0          1     74.285     74.518         33    34.4662    27.4003     3.6170    34.4677    27.4015     3.6170 0.0000e+00
      85078   1496.000   1511.243     3.7343   3.252876     3.7351   3.253082     0.9068     0.8864    99.9180     0.0033     4.7263 4.8840e-02      0.031     9.7251      98.63     -0.766          0          1     74.301     74.481         28    34.4662    27.4003     3.6174    34.4678    27.4015     3.6181 0.0000e+00
      85105   1495.000   1510.230     3.7387   3.253212     3.7396   3.253396     0.9068     0.8864    99.8960     0.0042     4.7253 4.8840e-02      0.031     9.7511      98.63     -0.881          0          1     74.184     74.631         28    34.4661    27.3998     3.6218    34.4674    27.4006     3.6227 0.0000e+00
      85136   1494.000   1509.216     3.7380   3.253101     3.7383   3.253240     0.9067     0.8867    99.8958     0.0042     4.7253 4.8840e-02      0.031     9.7199      98.63     -0.832          0          1     74.063     74.611         32    34.4660    27.3997     3.6212    34.4674    27.4008     3.6215 0.0000e+00
      85167   1493.000   1508.202     3.7376   3.253019     3.7380   3.253187     0.9066     0.8867    99.8958     0.0042     4.7253 4.8840e-02      0.031     9.6863      98.63     -0.771          0          1     74.184     74.516         30    34.4660    27.3997     3.6209    34.4675    27.4009     3.6213 0.0000e+00
      85194   1492.000   1507.188     3.7362   3.252859     3.7363   3.252980     0.9066     0.8866    99.8958     0.0042     4.7253 4.9230e-02      0.025     9.7038      98.63     -0.847          0          1     74.143     74.435         25    34.4660    27.3999     3.6196    34.4674    27.4009     3.6197 0.0000e+00
      85219   1491.000   1506.174     3.7352   3.252734     3.7353   3.252873     0.9066     0.8869    99.8958     0.0042     4.7253 5.0048e-02      0.029     9.7371      98.63     -0.947          0          1     74.180     74.737         26    34.4661    27.4000     3.6187    34.4676    27.4013     3.6188 0.0000e+00
      85248   1490.000   1505.161     3.7365   3.252803     3.7367   3.252951     0.9067     0.8868    99.8958     0.0042     4.7253 4.9669e-02      0.031     9.7333      98.63     -0.902          0          1     74.161     74.537         33    34.4661    27.3999     3.6201    34.4676    27.4011     3.6203 0.0000e+00
      85285   1489.000   1504.147     3.7375   3.252842     3.7381   3.253014     0.9067     0.8870    99.9020     0.0039     4.7256 4.8832e-02      0.031     9.7581      98.63     -0.676          0          1     74.168     74.609         38    34.4660    27.3997     3.6211    34.4674    27.4008     3.6217 0.0000e+00
      85318   1488.000   1503.133     3.7382   3.252854     3.7386   3.253021     0.9068     0.8870    99.9045     0.0038     4.7257 4.8840e-02      0.031     9.7256      98.63     -0.680          0          1     74.202     74.612         27    34.4659    27.3995     3.6219    34.4674    27.4007     3.6223 0.0000e+00
      85342   1487.000   1502.120     3.7387   3.252860     3.7392   3.253019     0.9067     0.8872    99.8956     0.0042     4.7253 4.8840e-02      0.031     9.6941      98.63     -0.897          0          1     74.030     74.675         22    34.4659    27.3995     3.6225    34.4673    27.4006     3.6230 0.0000e+00
      85364   1486.000   1501.105     3.7380   3.252749     3.7387   3.252928     0.9069     0.8870    99.8958     0.0042     4.7253 4.9008e-02      0.031     9.6973      98.63     -1.071          0          1     74.246     74.472         22    34.4658    27.3995     3.6219    34.4672    27.4005     3.6226 0.0000e+00
      85385   1485.000   1500.092     3.7374   3.252669     3.7376   3.252815     0.9069     0.8872    99.8958     0.0042     4.7253 4.8842e-02      0.031     9.7346      98.63     -1.131          0          1     74.189     74.635         22    34.4660    27.3997     3.6214    34.4675    27.4009     3.6216 0.0000e+00
      85409   1484.000   1499.078     3.7391   3.252762     3.7392   3.252894     0.9069     0.8872    99.8958     0.0042     4.7253 4.8840e-02      0.031     9.7618      98.63     -1.092          0          1     74.105     74.530         25    34.4658    27.3994     3.6232    34.4673    27.4005     3.6233 0.0000e+00
      85435   1483.000   1498.065     3.7384   3.252667     3.7390   3.252834     0.9070     0.8873    99.8958     0.0042     4.7253 4.8840e-02      0.031     9.7834      98.63     -0.972          0          1     74.190     74.606         27    34.4659    27.3995     3.6226    34.4673    27.4005     3.6232 0.0000e+00
      85463   1482.000   1497.051     3.7394   3.252701     3.7399   3.252867     0.9072     0.8874    99.8958     0.0042     4.7253 4.8840e-02      0.031     9.7545      98.63     -0.881          0          1     74.174     74.586         27    34.4658    27.3993     3.6237    34.4672    27.4004     3.6241 0.0000e+00
      85489   1481.000   1496.037     3.7410   3.252784     3.7412   3.252922     0.9070     0.8874    99.8958     0.0042     4.7253 4.9923e-02      0.031     9.7571      98.63     -0.911          0          1     74.202     74.579         26    34.4656    27.3990     3.6253    34.4670    27.4001     3.6255 0.0000e+00
      85514   1480.000   1495.023     3.7418   3.252811     3.7419   3.252933     0.9072     0.8875    99.8958     0.0042     4.7253 4.8956e-02      0.029     9.7430      98.63     -0.959          0          1     74.186     74.667         26    34.4656    27.3989     3.6262    34.4669    27.3999     3.6263 0.0000e+00
      85542   1479.000   1494.010     3.7399   3.252602     3.7401   3.252749     0.9074     0.8875    99.8958     0.0042     4.7253 4.8842e-02      0.026     9.6898      98.63     -0.909          0          1     74.148     74.477         30    34.4656    27.3991     3.6244    34.4671    27.4003     3.6246 0.0000e+00
      85573   1478.000   1492.996     3.7382   3.252437     3.7384   3.252577     0.9073     0.8875    99.8958     0.0042     4.7253 4.8840e-02      0.031     9.6355      98.63     -0.785          0          1     74.187     74.543         30    34.4659    27.3995     3.6228    34.4673    27.4006     3.6230 0.0000e+00
      85600   1477.000   1491.982     3.7375   3.252327     3.7381   3.252492     0.9074     0.8873    99.8958     0.0042     4.7253 4.8944e-02      0.028     9.6191      98.63     -0.837          0          1     74.243     74.485         24    34.4658    27.3995     3.6222    34.4671    27.4005     3.6228 0.0000e+00
      85622   1476.000   1490.968     3.7380   3.252326     3.7387   3.252504     0.9075     0.8875    99.8958     0.0042     4.7253 4.9486e-02      0.027     9.5881      98.63     -1.004          0          1     74.199     74.711         21    34.4658    27.3994     3.6228    34.4672    27.4004     3.6235 0.0000e+00
      85643   1475.000   1489.955     3.7385   3.252329     3.7387   3.252474     0.9077     0.8878    99.8958     0.0042     4.7253 4.8897e-02      0.031     9.5595      98.63     -1.124          0          1     74.264     74.608         22    34.4658    27.3993     3.6234    34.4673    27.4005     3.6236 0.0000e+00
      85666   1474.000   1488.941     3.7398   3.252396     3.7401   3.252534     0.9078     0.8875    99.8958     0.0042     4.7253 4.9206e-02      0.031     9.5654      98.63     -1.130          0          1     74.250     74.492         23    34.4657    27.3991     3.6248    34.4670    27.4002     3.6251 0.0000e+00
      85690   1473.000   1487.927     3.7407   3.252423     3.7410   3.252567     0.9078     0.8877    99.8958     0.0042     4.7253 4.9447e-02      0.031     9.5606      98.63     -1.046          0          1     74.203     74.484         26    34.4656    27.3990     3.6257    34.4670    27.4000     3.6260 0.0000e+00
      85717   1472.000   1486.913     3.7411   3.252424     3.7413   3.252563     0.9078     0.8878    99.8958     0.0042     4.7253 4.8843e-02      0.031     9.5776      98.63     -0.940          0          1     74.179     74.713         27    34.4657    27.3990     3.6262    34.4671    27.4001     3.6264 0.0000e+00
      85744   1471.000   1485.900     3.7425   3.252488     3.7431   3.252660     0.9079     0.8878    99.8958     0.0042     4.7253 4.9519e-02      0.031     9.5800      98.63     -0.895          0          1     74.119     74.552         27    34.4655    27.3987     3.6277    34.4669    27.3997     3.6283 0.0000e+00
      85771   1470.000   1484.886     3.7437   3.252539     3.7439   3.252688     0.9078     0.8879    99.8958     0.0042     4.7253 5.0059e-02      0.031     9.5611      98.63     -0.901          0          1     74.202     74.647         27    34.4653    27.3984     3.6290    34.4669    27.3996     3.6292 0.0000e+00
      85797   1469.000   1483.872     3.7443   3.252540     3.7446   3.252696     0.9079     0.8882    99.8958     0.0042     4.7253 4.9818e-02      0.031     9.5461      98.63     -0.920          0          1     74.110     74.633         25    34.4652    27.3983     3.6297    34.4668    27.3994     3.6300 0.0000e+00
      85821   1468.000   1482.859     3.7454   3.252593     3.7455   3.252729     0.9078     0.8881    99.8958     0.0042     4.7253 4.8828e-02      0.027     9.5326      98.63     -0.967          0          1     74.145     74.439         23    34.4652    27.3981     3.6308    34.4667    27.3993     3.6309 0.0000e+00
      85844   1467.000   1481.845     3.7458   3.252587     3.7460   3.252719     0.9080     0.8880    99.8958     0.0042     4.7253 4.8840e-02      0.029     9.5171      98.63     -1.026          0          1     74.217     74.701         23    34.4652    27.3981     3.6313    34.4666    27.3991     3.6315 0.0000e+00
      85867   1466.000   1480.831     3.7456   3.252523     3.7460   3.252685     0.9080     0.8886    99.8958     0.0042     4.7253 4.8840e-02      0.029     9.5400      98.63     -1.056          0          1     74.109     74.687         23    34.4652    27.3980     3.6312    34.4667    27.3992     3.6316 0.0000e+00
      85891   1465.000   1479.818     3.7456   3.252485     3.7461   3.252651     0.9081     0.8881    99.8958     0.0042     4.7253 4.9147e-02      0.031     9.5564      98.63     -1.056          0          1     74.113     74.400         24    34.4652    27.3981     3.6313    34.4666    27.3992     3.6318 0.0000e+00
      85915   1464.000   1478.804     3.7458   3.252459     3.7463   3.252614     0.9078     0.8882    99.8958     0.0042     4.7253 5.0063e-02      0.031     9.5701      98.63     -1.033          0          1     74.159     74.538         24    34.4652    27.3980     3.6316    34.4665    27.3990     3.6321 0.0000e+00
