CTDdata/C04M001.cnv
* Sea-Bird SBE 9 Data File:
* FileName = C:\MR1703C\CTDdata\C04M001.hdr
* Software Version Seasave V 7.23.2
* Temperature SN = 031464
* Conductivity SN = 041203
* Number of Bytes Per Scan = 41
* Number of Voltage Words = 4
* Number of Scans Averaged by the Deck Unit = 1
* NMEA Latitude = 25 55.70 N
* NMEA Longitude = 126 54.03 E
* NMEA UTC (Time) = May 31 2017 03:57:27
* NMEA baud rate = 4800
** Cruise: MR17-03C
** Station: C04
** Bottom Depth [m]: 1857.0
** Operator: S.Tanihara
# nquan = 29                                
# nvalues = 3663                        
# units = specified
# name 0 = scan: Scan Count
# name 1 = depSM: Depth [salt water, m]
# name 2 = prDM: Pressure, Digiquartz [db]
# name 3 = t090C: Temperature [ITS-90, deg C]
# name 4 = c0S/m: Conductivity [S/m]
# name 5 = t190C: Temperature, 2 [ITS-90, deg C]
# name 6 = c1S/m: Conductivity, 2 [S/m]
# name 7 = sbeox0V: Oxygen raw, SBE 43 [V]
# name 8 = sbeox1V: Oxygen raw, SBE 43, 2 [V]
# name 9 = CStarTr0: Beam Transmission, WET Labs C-Star [%]
# name 10 = CStarAt0: Beam Attenuation, WET Labs C-Star [1/m]
# name 11 = v4: Voltage 4
# name 12 = flSP: Fluorescence, Seapoint
# name 13 = seaTurbMtr: Turbidity, Seapoint [FTU]
# name 14 = wetCDOM: Fluorescence, WET Labs CDOM [mg/m^3]
# name 15 = altM: Altimeter [m]
# name 16 = dz/dtM: Descent Rate [m/s]
# name 17 = modError: Modulo Error Count
# name 18 = pumps: Pump Status
# name 19 = sbeox0Mm/Kg: Oxygen, SBE 43 [umol/kg], WS = 2
# name 20 = sbeox1Mm/Kg: Oxygen, SBE 43, 2 [umol/kg], WS = 2
# name 21 = nbin: number of scans per bin
# name 22 = sal00: Salinity, Practical [PSU]
# name 23 = sigma-é00: Density [sigma-theta, kg/m^3]
# name 24 = potemp090C: Potential Temperature [ITS-90, deg C]
# name 25 = sal11: Salinity, Practical, 2 [PSU]
# name 26 = sigma-é11: Density, 2 [sigma-theta, kg/m^3]
# name 27 = potemp190C: Potential Temperature, 2 [ITS-90, deg C]
# name 28 = flag: flag
# span 0 =      18273,     159655       
# span 1 =      1.000,   1834.000       
# span 2 =      1.007,   1854.186       
# span 3 =     3.5229,    25.5463       
# span 4 =   3.242757,   5.323382       
# span 5 =     3.5233,    25.5837       
# span 6 =   3.242969,   5.325914       
# span 7 =     0.8864,     2.5941       
# span 8 =     0.8652,     2.5354       
# span 9 =    97.8295,    99.9737       
# span 10 =     0.0011,     0.0878      
# span 11 =     4.6276,     4.7289      
# span 12 = 3.6630e-02, 6.9195e-01      
# span 13 =      0.023,      0.096      
# span 14 =    -1.6566,    71.6688      
# span 15 =       9.31,     102.29      
# span 16 =     -1.424,      1.331      
# span 17 =          0,          0      
# span 18 =          1,          1      
# span 19 =     70.675,    209.169      
# span 20 =     70.531,    207.025      
# span 21 =         17,        167      
# span 22 =    34.2372,    35.0173      
# span 23 =    22.9044,    27.4333      
# span 24 =     3.3856,    25.5450      
# span 25 =    34.2389,    35.0206      
# span 26 =    22.9036,    27.4344      
# span 27 =     3.3864,    25.5824      
# span 28 = 0.0000e+00, 0.0000e+00      
# interval = meters: 1
# start_time = May 31 2017 03:57:27 [NMEA time, header]
# bad_flag = -9.990e-29
*END*
[from data line 3251]
     133904    412.000    415.111    14.7410   4.235168    14.7290   4.234155     1.8933     1.8699    99.9583     0.0017     4.7282 3.9072e-02      0.024     6.2231      98.63     -0.723          0          1    174.914    174.383         32    34.5483    25.6935    14.6787    34.5497    25.6972    14.6667 0.0000e+00
     133944    411.000    414.102    14.8394   4.245072    14.7595   4.235510     1.9018     1.8754    99.9550     0.0018     4.7280 3.9029e-02      0.024     6.2189      98.63     -0.628          0          1    175.218    174.240         53    34.5519    25.6751    14.7770    34.5354    25.6796    14.6973 0.0000e+00
     134004    410.000    413.094    14.9491   4.256550    14.7664   4.238112     1.9107     1.8820    99.9529     0.0019     4.7280 3.8855e-02      0.025     6.1805      98.63     -0.382          0          1    175.436    175.220         62    34.5598    25.6573    14.8865    34.5535    25.6920    14.7043 0.0000e+00
     134068    409.000    412.085    14.9543   4.256937    14.9566   4.257127     1.9146     1.8909    99.9661     0.0014     4.7286 3.8613e-02      0.024     6.1297      98.63     -0.383          0          1    175.740    175.548         66    34.5591    25.6557    14.8918    34.5588    25.6549    14.8941 0.0000e+00
     134141    408.000    411.076    15.0415   4.265948    15.0396   4.265860     1.9191     1.8983    99.9477     0.0021     4.7277 3.9067e-02      0.025     6.1573      98.63     -0.318          0          1    175.967    175.933         81    34.5644    25.6407    14.9789    34.5653    25.6418    14.9770 0.0000e+00
     134215    407.000    410.068    15.0335   4.265047    15.0118   4.262838     1.9222     1.9013    99.9475     0.0021     4.7277 3.9072e-02      0.026     6.0898      98.63     -0.343          0          1    176.250    175.995         60    34.5637    25.6418    14.9711    34.5628    25.6459    14.9495 0.0000e+00
     134275    406.000    409.059    15.0650   4.268250    15.0647   4.268168     1.9257     1.9028    99.9475     0.0021     4.7277 3.8426e-02      0.024     6.0292      98.63     -0.396          0          1    176.528    176.116         67    34.5653    25.6362    15.0027    34.5648    25.6359    15.0024 0.0000e+00
     134340    405.000    408.051    15.0715   4.268808    15.0708   4.268623     1.9269     1.9042    99.9475     0.0021     4.7277 3.8191e-02      0.024     5.9604      98.63     -0.376          0          1    176.559    176.155         66    34.5650    25.6345    15.0093    34.5640    25.6339    15.0086 0.0000e+00
     134440    404.000    407.043    15.0713   4.268747    15.0643   4.267957     1.9287     1.9057    99.9475     0.0021     4.7277 3.8178e-02      0.026     5.9496      98.63     -0.204          0          1    176.734    176.382        127    34.5651    25.6346    15.0093    34.5641    25.6353    15.0023 0.0000e+00
     134550    403.000    406.034    15.0766   4.269340    15.0807   4.269596     1.9299     1.9072    99.9475     0.0021     4.7277 3.8460e-02      0.024     5.9459      98.63     -0.234          0          1    176.835    176.395        109    34.5661    25.6342    15.0147    34.5649    25.6323    15.0188 0.0000e+00
     134664    402.000    405.025    15.0761   4.269230    15.0768   4.269168     1.9314     1.9074    99.9475     0.0021     4.7277 3.9002e-02      0.024     6.0273      98.63     -0.223          0          1    176.983    176.403        102    34.5660    25.6342    15.0144    34.5648    25.6331    15.0151 0.0000e+00
     134771    401.000    404.017    15.0822   4.269854    15.0842   4.269860     1.9324     1.9078    99.9475     0.0021     4.7277 3.9070e-02      0.024     6.0348      98.63     -0.215          0          1    177.021    176.447        115    34.5667    25.6333    15.0206    34.5649    25.6316    15.0226 0.0000e+00
     135109    400.000    403.008    15.1221   4.274038    15.1143   4.273015     1.9347     1.9110    99.9444     0.0022     4.7276 3.8735e-02      0.024     6.0268      98.63     -0.122          0          1    177.222    176.658        167    34.5698    25.6270    15.0606    34.5674    25.6268    15.0528 0.0000e+00
     136367    399.000    402.000    15.1375   4.275628    15.1373   4.275473     1.9402     1.9131    99.9209     0.0031     4.7265 3.8421e-02      0.024     6.0286      98.63     -0.424          0          1    177.615    176.823         42    34.5710    25.6245    15.0761    34.5698    25.6236    15.0759 0.0000e+00
     136362    398.000    400.992    15.1577   4.277667    15.1517   4.276988     1.9397     1.9138    99.9217     0.0031     4.7265 3.9042e-02      0.024     6.0673      98.63     -0.618          0          1    177.789    177.028         39    34.5721    25.6208    15.0964    34.5712    25.6215    15.0904 0.0000e+00
     136399    397.000    399.983    15.1688   4.278783    15.1664   4.278482     1.9419     1.9156    99.9217     0.0031     4.7265 3.7843e-02      0.024     6.0888      98.63     -0.641          0          1    178.015    177.226         35    34.5728    25.6189    15.1076    34.5722    25.6190    15.1052 0.0000e+00
     136431    396.000    398.974    15.1778   4.279744    15.1738   4.279221     1.9429     1.9171    99.9217     0.0031     4.7265 3.7851e-02      0.024     6.0291      98.63     -0.723          0          1    177.968    177.426         28    34.5739    25.6178    15.1167    34.5727    25.6177    15.1127 0.0000e+00
     136457    395.000    397.966    15.2197   4.284269    15.2116   4.283443     1.9436     1.9189    99.9217     0.0031     4.7265 3.8259e-02      0.024     6.0098      98.63     -0.873          0          1    178.101    177.596         24    34.5783    25.6120    15.1587    34.5780    25.6135    15.1506 0.0000e+00
     136480    394.000    396.957    15.2732   4.289856    15.2688   4.289508     1.9458     1.9208    99.8962     0.0042     4.7253 3.8308e-02      0.024     6.0009      98.63     -1.007          0          1    178.286    177.544         24    34.5821    25.6031    15.2122    34.5828    25.6046    15.2078 0.0000e+00
     136507    393.000    395.949    15.3006   4.292692    15.2971   4.292330     1.9484     1.9228    99.8958     0.0042     4.7253 3.7850e-02      0.029     5.9748      98.63     -0.972          0          1    178.443    177.719         28    34.5840    25.5984    15.2397    34.5838    25.5991    15.2362 0.0000e+00
     136535    392.000    394.941    15.3150   4.294170    15.3115   4.293749     1.9501     1.9247    99.8958     0.0042     4.7253 3.7851e-02      0.025     5.9369      98.63     -0.864          0          1    178.374    177.713         28    34.5851    25.5960    15.2542    34.5843    25.5963    15.2507 0.0000e+00
     136560    391.000    393.932    15.3217   4.294846    15.3164   4.294318     1.9513     1.9251    99.8969     0.0042     4.7253 3.8969e-02      0.024     5.9275      98.63     -0.896          0          1    178.561    177.600         24    34.5857    25.5950    15.2610    34.5855    25.5961    15.2557 0.0000e+00
     136583    390.000    392.924    15.3327   4.295919    15.3320   4.295846     1.9526     1.9260    99.9215     0.0031     4.7265 3.9071e-02      0.024     5.9244      98.63     -1.006          0          1    178.645    177.756         21    34.5860    25.5928    15.2721    34.5860    25.5929    15.2714 0.0000e+00
     136604    389.000    391.915    15.3354   4.296174    15.3347   4.296094     1.9539     1.9270    99.9099     0.0036     4.7260 3.9072e-02      0.024     5.9249      98.63     -1.108          0          1    178.792    177.905         22    34.5864    25.5924    15.2750    34.5863    25.5925    15.2743 0.0000e+00
     136627    388.000    390.907    15.3459   4.297246    15.3469   4.297374     1.9550     1.9285    99.8956     0.0042     4.7253 3.7838e-02      0.024     5.8997      98.63     -1.094          0          1    178.768    178.051         23    34.5872    25.5907    15.2856    34.5875    25.5907    15.2866 0.0000e+00
     136651    387.000    389.899    15.3622   4.298933    15.3621   4.298878     1.9562     1.9299    99.8958     0.0042     4.7253 3.8007e-02      0.024     5.8897      98.63     -1.040          0          1    179.122    178.186         24    34.5885    25.5881    15.3020    34.5881    25.5878    15.3019 0.0000e+00
     136675    386.000    388.890    15.3969   4.302736    15.3681   4.299428     1.9595     1.9317    99.9016     0.0040     4.7256 3.8391e-02      0.024     5.8899      98.63     -1.016          0          1    179.514    178.456         23    34.5926    25.5835    15.3368    34.5881    25.5865    15.3081 0.0000e+00
     136696    385.000    387.882    15.4423   4.307420    15.4313   4.306643     1.9620     1.9337    99.9221     0.0031     4.7265 3.8966e-02      0.024     5.8935      98.63     -1.058          0          1    179.549    178.517         21    34.5953    25.5755    15.3822    34.5980    25.5800    15.3713 0.0000e+00
     136716    384.000    386.873    15.4833   4.311782    15.4805   4.311706     1.9641     1.9359    99.9126     0.0035     4.7261 3.9072e-02      0.024     5.8742      98.63     -1.141          0          1    179.603    178.583         20    34.5989    25.5691    15.4233    34.6007    25.5711    15.4205 0.0000e+00
     136736    383.000    385.865    15.4973   4.313194    15.5157   4.315146     1.9663     1.9377    99.8957     0.0042     4.7253 3.9072e-02      0.024     5.8552      98.63     -1.216          0          1    179.747    178.644         19    34.5997    25.5666    15.4374    34.6011    25.5636    15.4558 0.0000e+00
     136756    382.000    384.856    15.5224   4.315734    15.5235   4.315909     1.9677     1.9396    99.8958     0.0042     4.7253 3.9072e-02      0.024     5.8661      98.63     -1.228          0          1    179.492    178.770         21    34.6009    25.5619    15.4626    34.6015    25.5621    15.4637 0.0000e+00
     136777    381.000    383.847    15.5259   4.316091    15.5283   4.316316     1.9674     1.9411    99.8958     0.0042     4.7253 3.8907e-02      0.024     5.9028      98.63     -1.184          0          1    179.358    178.849         22    34.6014    25.5615    15.4662    34.6013    25.5609    15.4686 0.0000e+00
     136799    380.000    382.839    15.5355   4.317064    15.5346   4.316991     1.9684     1.9426    99.8958     0.0042     4.7253 3.7866e-02      0.026     5.9394      98.63     -1.127          0          1    179.588    178.924         22    34.6021    25.5599    15.4760    34.6023    25.5602    15.4751 0.0000e+00
     136821    379.000    381.831    15.5385   4.317329    15.5400   4.317510     1.9694     1.9436    99.8958     0.0042     4.7253 3.7851e-02      0.031     5.9331      98.63     -1.109          0          1    179.693    178.907         21    34.6023    25.5593    15.4791    34.6026    25.5592    15.4806 0.0000e+00
     136841    378.000    380.823    15.5440   4.317814    15.5427   4.317674     1.9705     1.9441    99.8958     0.0042     4.7253 3.7851e-02      0.027     5.9225      98.63     -1.142          0          1    179.733    178.931         20    34.6022    25.5579    15.4848    34.6021    25.5581    15.4835 0.0000e+00
     136862    377.000    379.814    15.5436   4.317753    15.5429   4.317671     1.9711     1.9451    99.8958     0.0042     4.7253 3.7851e-02      0.024     5.9279      98.63     -1.184          0          1    179.661    179.074         20    34.6024    25.5581    15.4845    34.6023    25.5582    15.4838 0.0000e+00
     136882    376.000    378.806    15.5542   4.318820    15.5543   4.318852     1.9712     1.9459    99.8958     0.0042     4.7253 3.7851e-02      0.024     5.9438      98.63     -1.195          0          1    179.664    179.154         21    34.6031    25.5563    15.4953    34.6032    25.5564    15.4954 0.0000e+00
     136904    375.000    377.797    15.5565   4.319053    15.5570   4.319074     1.9723     1.9473    99.8958     0.0042     4.7253 3.7851e-02      0.024     5.9566      98.63     -1.155          0          1    179.923    179.275         22    34.6035    25.5561    15.4977    34.6033    25.5558    15.4982 0.0000e+00
     136927    374.000    376.789    15.5865   4.322221    15.5927   4.322924     1.9736     1.9481    99.8958     0.0042     4.7253 3.8847e-02      0.024     5.9641      98.63     -1.089          0          1    179.882    179.166         23    34.6060    25.5513    15.5278    34.6069    25.5506    15.5340 0.0000e+00
     136950    373.000    375.781    15.5976   4.323291    15.5996   4.323492     1.9743     1.9489    99.8958     0.0042     4.7253 3.9075e-02      0.024     5.9619      98.63     -1.041          0          1    179.779    179.106         22    34.6063    25.5490    15.5390    34.6063    25.5485    15.5410 0.0000e+00
     136972    372.000    374.773    15.5951   4.322933    15.5945   4.322845     1.9747     1.9489    99.8958     0.0042     4.7253 3.8417e-02      0.028     5.9525      98.63     -1.072          0          1    179.779    179.034         21    34.6057    25.5490    15.5367    34.6054    25.5489    15.5361 0.0000e+00
     136992    371.000    373.764    15.5958   4.323019    15.5946   4.322867     1.9747     1.9490    99.8958     0.0042     4.7253 3.8031e-02      0.024     5.9438      98.63     -1.144          0          1    179.723    179.119         20    34.6062    25.5492    15.5376    34.6059    25.5493    15.5364 0.0000e+00
     137011    370.000    372.756    15.6066   4.324103    15.6058   4.324051     1.9747     1.9497    99.8958     0.0042     4.7253 3.7849e-02      0.024     5.9472      98.63     -1.215          0          1    179.744    179.267         19    34.6068    25.5473    15.5485    34.6071    25.5476    15.5477 0.0000e+00
     137031    369.000    371.747    15.6125   4.324663    15.6117   4.324587     1.9755     1.9507    99.8958     0.0042     4.7253 3.7851e-02      0.024     5.9345      98.63     -1.236          0          1    179.868    179.335         21    34.6071    25.5461    15.5545    34.6071    25.5463    15.5537 0.0000e+00
     137052    368.000    370.739    15.6161   4.325007    15.6148   4.324864     1.9763     1.9514    99.8958     0.0042     4.7253 3.8199e-02      0.024     5.8903      98.63     -1.198          0          1    179.964    179.242         21    34.6074    25.5455    15.5583    34.6073    25.5457    15.5570 0.0000e+00
     137074    367.000    369.730    15.6242   4.325838    15.6192   4.325291     1.9773     1.9514    99.8958     0.0042     4.7253 3.9031e-02      0.024     5.8828      98.63     -1.133          0          1    179.999    179.146         22    34.6081    25.5442    15.5665    34.6076    25.5449    15.5615 0.0000e+00
     137096    366.000    368.722    15.6262   4.325997    15.6244   4.325807     1.9776     1.9516    99.8958     0.0042     4.7253 3.7843e-02      0.024     5.9032      98.63     -1.102          0          1    179.910    179.190         22    34.6082    25.5438    15.5687    34.6081    25.5441    15.5669 0.0000e+00
     137117    365.000    367.714    15.6320   4.326551    15.6314   4.326547     1.9781     1.9518    99.8958     0.0042     4.7253 3.7851e-02      0.024     5.8910      98.63     -1.127          0          1    179.980    179.176         20    34.6085    25.5427    15.5746    34.6090    25.5432    15.5740 0.0000e+00
     137137    364.000    366.706    15.6385   4.327221    15.6389   4.327223     1.9786     1.9524    99.8958     0.0042     4.7253 3.7851e-02      0.024     5.8686      98.63     -1.166          0          1    180.080    179.307         21    34.6092    25.5417    15.5813    34.6088    25.5414    15.5817 0.0000e+00
