CTDdata/C05M001.cnv
* Sea-Bird SBE 9 Data File:
* FileName = C:\MR1703C\CTDdata\C05M001.hdr
* Software Version Seasave V 7.23.2
* Temperature SN = 031464
* Conductivity SN = 041203
* Number of Bytes Per Scan = 41
* Number of Voltage Words = 4
* Number of Scans Averaged by the Deck Unit = 1
* NMEA Latitude = 26 30.09 N
* NMEA Longitude = 126 05.05 E
* NMEA UTC (Time) = May 31 2017 17:54:13
* NMEA baud rate = 4800
** Cruise: MR17-03C
** Station: C05
** Bottom Depth [m]: 1922.0
** Operator: R.Kobayashi
# nquan = 29                                
# nvalues = 3796                        
# units = specified
# name 0 = scan: Scan Count
# name 1 = depSM: Depth [salt water, m]
# name 2 = prDM: Pressure, Digiquartz [db]
# name 3 = t090C: Temperature [ITS-90, deg C]
# name 4 = c0S/m: Conductivity [S/m]
# name 5 = t190C: Temperature, 2 [ITS-90, deg C]
# name 6 = c1S/m: Conductivity, 2 [S/m]
# name 7 = sbeox0V: Oxygen raw, SBE 43 [V]
# name 8 = sbeox1V: Oxygen raw, SBE 43, 2 [V]
# name 9 = CStarTr0: Beam Transmission, WET Labs C-Star [%]
# name 10 = CStarAt0: Beam Attenuation, WET Labs C-Star [1/m]
# name 11 = v4: Voltage 4
# name 12 = flSP: Fluorescence, Seapoint
# name 13 = seaTurbMtr: Turbidity, Seapoint [FTU]
# name 14 = wetCDOM: Fluorescence, WET Labs CDOM [mg/m^3]
# name 15 = altM: Altimeter [m]
# name 16 = dz/dtM: Descent Rate [m/s]
# name 17 = modError: Modulo Error Count
# name 18 = pumps: Pump Status
# name 19 = sbeox0Mm/Kg: Oxygen, SBE 43 [umol/kg], WS = 2
# name 20 = sbeox1Mm/Kg: Oxygen, SBE 43, 2 [umol/kg], WS = 2
# name 21 = nbin: number of scans per bin
# name 22 = sal00: Salinity, Practical [PSU]
# name 23 = sigma-é00: Density [sigma-theta, kg/m^3]
# name 24 = potemp090C: Potential Temperature [ITS-90, deg C]
# name 25 = sal11: Salinity, Practical, 2 [PSU]
# name 26 = sigma-é11: Density, 2 [sigma-theta, kg/m^3]
# name 27 = potemp190C: Potential Temperature, 2 [ITS-90, deg C]
# name 28 = flag: flag
# span 0 =      16147,     147503       
# span 1 =      1.000,   1900.000       
# span 2 =      1.007,   1921.295       
# span 3 =     3.7255,    26.2433       
# span 4 =   3.255573,   5.378204       
# span 5 =     3.7259,    26.2457       
# span 6 =   3.255864,   5.379360       
# span 7 =     0.8621,     2.6053       
# span 8 =     0.8405,     2.5472       
# span 9 =    98.3895,    99.9734       
# span 10 =     0.0011,     0.0649      
# span 11 =     4.6541,     4.7289      
# span 12 = 3.8746e-02, 5.7111e-01      
# span 13 =      0.024,      0.084      
# span 14 =     0.5142,    47.8626      
# span 15 =      -2.57,     114.05      
# span 16 =     -1.330,      1.374      
# span 17 =          0,          0      
# span 18 =          1,          1      
# span 19 =     67.724,    205.759      
# span 20 =     67.945,    203.891      
# span 21 =         17,        141      
# span 22 =    34.2553,    35.0126      
# span 23 =    22.5473,    27.3989      
# span 24 =     3.5716,    26.2413      
# span 25 =    34.2579,    35.0152      
# span 26 =    22.5480,    27.4002      
# span 27 =     3.5719,    26.2437      
# span 28 = 0.0000e+00, 0.0000e+00      
# interval = meters: 1                  
# start_time = May 31 2017 17:54:13 [NMEA time, header]
# bad_flag = -9.990e-29
*END*
[from data line 951]
      38663    955.000    963.517     4.6558   3.305829     4.6576   3.306268     0.9372     0.9133    99.8442     0.0062     4.7228 4.9133e-02      0.037     9.1688      98.63      1.135          0          1     72.744     72.149         21    34.4010    27.2479     4.5785    34.4043    27.2503     4.5803 0.0000e+00
      38684    956.000    964.528     4.6534   3.305656     4.6550   3.306063     0.9371     0.9129    99.8442     0.0062     4.7228 4.8840e-02      0.037     9.1851      98.63      1.130          0          1     72.439     72.132         22    34.4010    27.2481     4.5760    34.4041    27.2504     4.5776 0.0000e+00
      38706    957.000    965.539     4.6462   3.305082     4.6483   3.305517     0.9367     0.9131    99.8442     0.0062     4.7228 4.8840e-02      0.037     9.2237      98.63      1.120          0          1     72.549     72.295         21    34.4013    27.2491     4.5688    34.4041    27.2512     4.5708 0.0000e+00
      38727    958.000    966.550     4.6425   3.304818     4.6444   3.305262     0.9367     0.9127    99.8442     0.0062     4.7228 4.8840e-02      0.037     9.2489      98.63      1.132          0          1     72.392     72.112         21    34.4015    27.2498     4.5650    34.4047    27.2521     4.5669 0.0000e+00
      38748    959.000    967.562     4.6403   3.304667     4.6420   3.305099     0.9360     0.9129    99.8442     0.0062     4.7228 4.8840e-02      0.037     9.2589      98.63      1.166          0          1     72.374     72.178         20    34.4015    27.2500     4.5627    34.4048    27.2524     4.5644 0.0000e+00
      38767    960.000    968.573     4.6384   3.304549     4.6401   3.304989     0.9363     0.9123    99.8442     0.0062     4.7228 4.8840e-02      0.038     9.2152      98.63      1.205          0          1     72.398     72.106         20    34.4016    27.2503     4.5608    34.4050    27.2528     4.5624 0.0000e+00
      38787    961.000    969.584     4.6371   3.304487     4.6389   3.304931     0.9356     0.9125    99.8442     0.0062     4.7228 4.8840e-02      0.041     9.1512      98.63      1.233          0          1     72.276     72.065         19    34.4017    27.2506     4.5594    34.4050    27.2530     4.5612 0.0000e+00
      38806    962.000    970.595     4.6348   3.304318     4.6365   3.304763     0.9356     0.9118    99.8442     0.0062     4.7228 4.8840e-02      0.038     9.1116      98.63      1.247          0          1     72.479     71.884         19    34.4016    27.2507     4.5570    34.4050    27.2533     4.5587 0.0000e+00
      38826    963.000    971.607     4.6265   3.303673     4.6283   3.304093     0.9356     0.9117    99.8442     0.0062     4.7228 4.8840e-02      0.037     9.0958      98.63      1.253          0          1     72.503     71.971         20    34.4022    27.2521     4.5487    34.4052    27.2543     4.5505 0.0000e+00
      38846    964.000    972.618     4.6218   3.303331     4.6236   3.303761     0.9356     0.9112    99.8442     0.0062     4.7228 4.8840e-02      0.043     9.0941      98.63      1.217          0          1     72.488     71.951         21    34.4026    27.2529     4.5439    34.4057    27.2552     4.5457 0.0000e+00
      38867    965.000    973.629     4.6193   3.303157     4.6212   3.303593     0.9354     0.9112    99.8442     0.0062     4.7228 4.8840e-02      0.043     9.0927      98.63      1.170          0          1     72.235     72.020         22    34.4026    27.2533     4.5414    34.4057    27.2555     4.5432 0.0000e+00
      38889    966.000    974.641     4.6154   3.302866     4.6172   3.303306     0.9348     0.9111    99.8442     0.0062     4.7228 4.8840e-02      0.043     9.0741      98.63      1.132          0          1     72.236     72.053         22    34.4028    27.2538     4.5374    34.4060    27.2562     4.5392 0.0000e+00
      38912    967.000    975.652     4.6131   3.302714     4.6151   3.303157     0.9344     0.9109    99.8442     0.0062     4.7228 4.8840e-02      0.037     9.0474      98.63      1.086          0          1     72.084     71.808         23    34.4029    27.2541     4.5350    34.4060    27.2564     4.5370 0.0000e+00
      38936    968.000    976.663     4.6117   3.302647     4.6138   3.303093     0.9342     0.9103    99.8442     0.0062     4.7228 4.8840e-02      0.037     9.0306      98.63      1.051          0          1     72.296     71.833         24    34.4030    27.2544     4.5336    34.4061    27.2566     4.5356 0.0000e+00
      38958    969.000    977.675     4.6112   3.302651     4.6131   3.303083     0.9335     0.9103    99.8442     0.0062     4.7228 4.8840e-02      0.038     9.0152      98.63      1.042          0          1     72.087     71.926         22    34.4031    27.2545     4.5330    34.4062    27.2568     4.5348 0.0000e+00
      38979    970.000    978.686     4.6102   3.302609     4.6123   3.303052     0.9339     0.9101    99.8442     0.0062     4.7228 4.8840e-02      0.037     8.9956      98.63      1.094          0          1     72.296     71.845         20    34.4031    27.2547     4.5319    34.4061    27.2568     4.5340 0.0000e+00
      38998    971.000    979.697     4.6094   3.302574     4.6113   3.303022     0.9331     0.9099    99.8442     0.0062     4.7228 4.8840e-02      0.037     8.9682      98.63      1.195          0          1     71.923     71.844         18    34.4031    27.2547     4.5310    34.4063    27.2571     4.5329 0.0000e+00
      39017    972.000    980.709     4.6085   3.302539     4.6103   3.302989     0.9331     0.9097    99.8442     0.0062     4.7228 4.8840e-02      0.037     8.9402      98.63      1.282          0          1     72.161     71.786         18    34.4031    27.2549     4.5300    34.4064    27.2573     4.5318 0.0000e+00
      39035    973.000    981.720     4.6081   3.302553     4.6101   3.303004     0.9331     0.9095    99.8442     0.0062     4.7228 4.8840e-02      0.037     8.9217      98.63      1.331          0          1     72.025     71.702         19    34.4032    27.2550     4.5295    34.4063    27.2573     4.5315 0.0000e+00
      39054    974.000    982.731     4.6066   3.302458     4.6084   3.302891     0.9324     0.9091    99.8442     0.0062     4.7228 4.8967e-02      0.037     8.9075      98.63      1.326          0          1     72.067     71.738         19    34.4031    27.2551     4.5280    34.4063    27.2574     4.5297 0.0000e+00
      39074    975.000    983.743     4.6028   3.302166     4.6048   3.302612     0.9331     0.9092    99.8442     0.0062     4.7228 5.0048e-02      0.037     8.8745      98.63      1.253          0          1     72.150     71.843         22    34.4031    27.2555     4.5241    34.4062    27.2578     4.5261 0.0000e+00
      39096    976.000    984.754     4.6018   3.302121     4.6035   3.302549     0.9321     0.9089    99.8442     0.0062     4.7228 5.0006e-02      0.038     8.8601      98.63      1.152          0          1     71.987     71.765         22    34.4031    27.2557     4.5230    34.4063    27.2580     4.5247 0.0000e+00
      39119    977.000    985.765     4.6002   3.302026     4.6023   3.302486     0.9326     0.9090    99.8442     0.0062     4.7228 4.8829e-02      0.043     8.8932      98.63      1.089          0          1     72.043     71.867         22    34.4032    27.2559     4.5213    34.4063    27.2582     4.5234 0.0000e+00
      39141    978.000    986.776     4.5995   3.302010     4.6013   3.302445     0.9319     0.9086    99.8442     0.0062     4.7228 4.8840e-02      0.043     8.9231      98.63      1.089          0          1     71.867     71.604         22    34.4032    27.2560     4.5206    34.4064    27.2583     4.5223 0.0000e+00
      39162    979.000    987.788     4.5993   3.302028     4.6011   3.302470     0.9319     0.9084    99.8442     0.0062     4.7228 4.8840e-02      0.043     8.9461      98.63      1.127          0          1     71.885     71.728         20    34.4031    27.2560     4.5203    34.4064    27.2584     4.5221 0.0000e+00
      39182    980.000    988.799     4.5975   3.301912     4.5994   3.302351     0.9314     0.9082    99.8442     0.0062     4.7228 4.8840e-02      0.043     8.9376      98.63      1.163          0          1     71.958     71.638         21    34.4031    27.2562     4.5184    34.4063    27.2585     4.5203 0.0000e+00
      39202    981.000    989.811     4.5937   3.301615     4.5955   3.302065     0.9319     0.9080    99.8442     0.0062     4.7228 4.8962e-02      0.037     8.9166      98.63      1.187          0          1     72.024     71.680         20    34.4031    27.2566     4.5145    34.4065    27.2590     4.5163 0.0000e+00
      39223    982.000    990.822     4.5909   3.301409     4.5928   3.301849     0.9309     0.9080    99.8442     0.0062     4.7228 4.8838e-02      0.038     8.9100      98.63      1.194          0          1     71.826     71.689         20    34.4031    27.2569     4.5117    34.4062    27.2592     4.5136 0.0000e+00
      39243    983.000    991.833     4.5865   3.301056     4.5884   3.301498     0.9315     0.9079    99.8442     0.0062     4.7228 4.8840e-02      0.037     8.9342      98.63      1.197          0          1     71.959     71.652         20    34.4030    27.2573     4.5072    34.4062    27.2596     4.5091 0.0000e+00
      39263    984.000    992.845     4.5762   3.300227     4.5783   3.300663     0.9307     0.9075    99.8442     0.0062     4.7228 4.8840e-02      0.037     8.9731      98.63      1.219          0          1     71.715     71.562         20    34.4035    27.2588     4.4969    34.4064    27.2609     4.4990 0.0000e+00
      39282    985.000    993.856     4.5729   3.299977     4.5750   3.300417     0.9307     0.9073    99.8442     0.0062     4.7228 4.8840e-02      0.037     8.9875      98.63      1.229          0          1     71.793     71.578         20    34.4035    27.2592     4.4935    34.4065    27.2613     4.4956 0.0000e+00
      39303    986.000    994.867     4.5706   3.299833     4.5726   3.300281     0.9301     0.9071    99.8442     0.0062     4.7228 4.8840e-02      0.043     8.9901      98.63      1.209          0          1     71.761     71.461         21    34.4037    27.2596     4.4912    34.4069    27.2619     4.4932 0.0000e+00
      39325    987.000    995.879     4.5626   3.299183     4.5646   3.299609     0.9304     0.9065    99.8442     0.0062     4.7228 4.9215e-02      0.037     9.0217      98.63      1.144          0          1     71.829     71.468         23    34.4039    27.2606     4.4831    34.4068    27.2627     4.4851 0.0000e+00
      39348    988.000    996.891     4.5604   3.299012     4.5621   3.299441     0.9298     0.9066    99.8442     0.0062     4.7228 4.9959e-02      0.037     9.0637      98.63      1.070          0          1     71.764     71.644         24    34.4037    27.2607     4.4809    34.4069    27.2631     4.4826 0.0000e+00
      39371    989.000    997.902     4.5591   3.298945     4.5607   3.299338     0.9296     0.9065    99.8442     0.0062     4.7228 4.8845e-02      0.037     9.0663      98.63      1.044          0          1     71.726     71.409         22    34.4038    27.2609     4.4795    34.4067    27.2631     4.4811 0.0000e+00
      39393    990.000    998.913     4.5581   3.298880     4.5598   3.299296     0.9296     0.9059    99.8442     0.0062     4.7228 4.8840e-02      0.037     9.0390      98.63      1.084          0          1     71.880     71.176         20    34.4035    27.2609     4.4784    34.4066    27.2631     4.4801 0.0000e+00
      39412    991.000    999.924     4.5568   3.298802     4.5591   3.299275     0.9295     0.9052    99.8442     0.0062     4.7228 4.8840e-02      0.037     9.0467      98.63      1.173          0          1     71.605     71.261         19    34.4035    27.2610     4.4770    34.4066    27.2632     4.4793 0.0000e+00
      39431    992.000   1000.936     4.5546   3.298660     4.5564   3.299085     0.9287     0.9054    99.8442     0.0062     4.7228 4.9231e-02      0.037     9.0621      98.63      1.252          0          1     71.681     71.416         19    34.4036    27.2613     4.4748    34.4067    27.2635     4.4765 0.0000e+00
      39450    993.000   1001.947     4.5524   3.298516     4.5542   3.298938     0.9292     0.9049    99.8442     0.0062     4.7228 4.9207e-02      0.037     9.0571      98.63      1.279          0          1     71.745     71.253         20    34.4037    27.2616     4.4725    34.4067    27.2638     4.4743 0.0000e+00
      39470    994.000   1002.959     4.5475   3.298127     4.5494   3.298557     0.9285     0.9049    99.8442     0.0062     4.7228 4.8842e-02      0.037     8.9844      98.63      1.265          0          1     71.618     71.458         19    34.4037    27.2622     4.4675    34.4067    27.2644     4.4694 0.0000e+00
      39490    995.000   1003.970     4.5437   3.297857     4.5455   3.298289     0.9286     0.9049    99.8442     0.0062     4.7228 4.8840e-02      0.038     8.9488      98.63      1.223          0          1     71.623     71.470         21    34.4040    27.2628     4.4637    34.4072    27.2651     4.4655 0.0000e+00
      39511    996.000   1004.982     4.5407   3.297656     4.5426   3.298085     0.9283     0.9051    99.8442     0.0062     4.7228 4.9016e-02      0.042     8.9467      98.63      1.183          0          1     71.665     71.433         21    34.4042    27.2634     4.4606    34.4073    27.2656     4.4625 0.0000e+00
      39533    997.000   1005.993     4.5360   3.297301     4.5378   3.297716     0.9281     0.9046    99.8442     0.0062     4.7228 4.8840e-02      0.037     8.9466      98.63      1.149          0          1     71.447     71.177         22    34.4045    27.2641     4.4559    34.4074    27.2662     4.4576 0.0000e+00
      39554    998.000   1007.005     4.5322   3.297039     4.5341   3.297458     0.9276     0.9043    99.8405     0.0064     4.7226 4.8840e-02      0.037     8.9511      98.63      1.130          0          1     71.582     71.195         21    34.4048    27.2648     4.4520    34.4077    27.2669     4.4539 0.0000e+00
      39575    999.000   1008.016     4.5316   3.297033     4.5334   3.297469     0.9276     0.9039    99.8181     0.0073     4.7216 4.8840e-02      0.037     8.9616      98.63      1.132          0          1     71.537     71.306         21    34.4049    27.2649     4.4513    34.4081    27.2672     4.4531 0.0000e+00
      39596   1000.000   1009.028     4.5298   3.296939     4.5318   3.297372     0.9274     0.9041    99.8456     0.0062     4.7229 4.9836e-02      0.037     8.9660      98.63      1.152          0          1     71.559     71.432         21    34.4052    27.2653     4.4495    34.4081    27.2674     4.4514 0.0000e+00
      39617   1001.000   1010.039     4.5271   3.296736     4.5289   3.297164     0.9271     0.9039    99.8699     0.0052     4.7241 5.0060e-02      0.038     8.9397      98.63      1.167          0          1     71.509     71.197         21    34.4051    27.2655     4.4467    34.4082    27.2678     4.4485 0.0000e+00
      39638   1002.000   1011.050     4.5263   3.296721     4.5280   3.297151     0.9272     0.9036    99.8700     0.0052     4.7241 5.0061e-02      0.037     8.9236      98.63      1.158          0          1     71.678     71.116         22    34.4052    27.2658     4.4458    34.4085    27.2681     4.4475 0.0000e+00
      39661   1003.000   1012.062     4.5252   3.296684     4.5272   3.297113     0.9268     0.9033    99.8611     0.0055     4.7237 4.9956e-02      0.037     8.9446      98.63      1.111          0          1     71.426     71.240         23    34.4054    27.2660     4.4446    34.4083    27.2681     4.4466 0.0000e+00
