CTDdata/C05M001.cnv
* Sea-Bird SBE 9 Data File:
* FileName = C:\MR1703C\CTDdata\C05M001.hdr
* Software Version Seasave V 7.23.2
* Temperature SN = 031464
* Conductivity SN = 041203
* Number of Bytes Per Scan = 41
* Number of Voltage Words = 4
* Number of Scans Averaged by the Deck Unit = 1
* NMEA Latitude = 26 30.09 N
* NMEA Longitude = 126 05.05 E
* NMEA UTC (Time) = May 31 2017 17:54:13
* NMEA baud rate = 4800
** Cruise: MR17-03C
** Station: C05
** Bottom Depth [m]: 1922.0
** Operator: R.Kobayashi
# nquan = 29                                
# nvalues = 3796                        
# units = specified
# name 0 = scan: Scan Count
# name 1 = depSM: Depth [salt water, m]
# name 2 = prDM: Pressure, Digiquartz [db]
# name 3 = t090C: Temperature [ITS-90, deg C]
# name 4 = c0S/m: Conductivity [S/m]
# name 5 = t190C: Temperature, 2 [ITS-90, deg C]
# name 6 = c1S/m: Conductivity, 2 [S/m]
# name 7 = sbeox0V: Oxygen raw, SBE 43 [V]
# name 8 = sbeox1V: Oxygen raw, SBE 43, 2 [V]
# name 9 = CStarTr0: Beam Transmission, WET Labs C-Star [%]
# name 10 = CStarAt0: Beam Attenuation, WET Labs C-Star [1/m]
# name 11 = v4: Voltage 4
# name 12 = flSP: Fluorescence, Seapoint
# name 13 = seaTurbMtr: Turbidity, Seapoint [FTU]
# name 14 = wetCDOM: Fluorescence, WET Labs CDOM [mg/m^3]
# name 15 = altM: Altimeter [m]
# name 16 = dz/dtM: Descent Rate [m/s]
# name 17 = modError: Modulo Error Count
# name 18 = pumps: Pump Status
# name 19 = sbeox0Mm/Kg: Oxygen, SBE 43 [umol/kg], WS = 2
# name 20 = sbeox1Mm/Kg: Oxygen, SBE 43, 2 [umol/kg], WS = 2
# name 21 = nbin: number of scans per bin
# name 22 = sal00: Salinity, Practical [PSU]
# name 23 = sigma-é00: Density [sigma-theta, kg/m^3]
# name 24 = potemp090C: Potential Temperature [ITS-90, deg C]
# name 25 = sal11: Salinity, Practical, 2 [PSU]
# name 26 = sigma-é11: Density, 2 [sigma-theta, kg/m^3]
# name 27 = potemp190C: Potential Temperature, 2 [ITS-90, deg C]
# name 28 = flag: flag
# span 0 =      16147,     147503       
# span 1 =      1.000,   1900.000       
# span 2 =      1.007,   1921.295       
# span 3 =     3.7255,    26.2433       
# span 4 =   3.255573,   5.378204       
# span 5 =     3.7259,    26.2457       
# span 6 =   3.255864,   5.379360       
# span 7 =     0.8621,     2.6053       
# span 8 =     0.8405,     2.5472       
# span 9 =    98.3895,    99.9734       
# span 10 =     0.0011,     0.0649      
# span 11 =     4.6541,     4.7289      
# span 12 = 3.8746e-02, 5.7111e-01      
# span 13 =      0.024,      0.084      
# span 14 =     0.5142,    47.8626      
# span 15 =      -2.57,     114.05      
# span 16 =     -1.330,      1.374      
# span 17 =          0,          0      
# span 18 =          1,          1      
# span 19 =     67.724,    205.759      
# span 20 =     67.945,    203.891      
# span 21 =         17,        141      
# span 22 =    34.2553,    35.0126      
# span 23 =    22.5473,    27.3989      
# span 24 =     3.5716,    26.2413      
# span 25 =    34.2579,    35.0152      
# span 26 =    22.5480,    27.4002      
# span 27 =     3.5719,    26.2437      
# span 28 = 0.0000e+00, 0.0000e+00      
# interval = meters: 1                  
# start_time = May 31 2017 17:54:13 [NMEA time, header]
# bad_flag = -9.990e-29
*END*
[from data line 1001]
      39705   1005.000   1014.085     4.5244   3.296715     4.5262   3.297143     0.9262     0.9029    99.8578     0.0057     4.7235 4.9649e-02      0.037     8.9275      98.63      1.080          0          1     71.437     71.080         21    34.4056    27.2663     4.4437    34.4087    27.2686     4.4454 0.0000e+00
      39725   1006.000   1015.096     4.5223   3.296574     4.5240   3.296995     0.9268     0.9027    99.8699     0.0052     4.7241 4.8848e-02      0.037     8.9204      98.63      1.160          0          1     71.520     71.031         19    34.4056    27.2665     4.4415    34.4088    27.2689     4.4432 0.0000e+00
      39743   1007.000   1016.108     4.5185   3.296318     4.5203   3.296734     0.9261     0.9024    99.8700     0.0052     4.7241 4.8840e-02      0.037     8.9781      98.63      1.258          0          1     71.303     71.070         18    34.4061    27.2673     4.4376    34.4091    27.2695     4.4394 0.0000e+00
      39762   1008.000   1017.119     4.5170   3.296249     4.5191   3.296693     0.9261     0.9022    99.8564     0.0057     4.7234 4.9162e-02      0.037     9.0078      98.63      1.312          0          1     71.389     71.133         19    34.4063    27.2677     4.4360    34.4093    27.2698     4.4381 0.0000e+00
      39782   1009.000   1018.131     4.5163   3.296248     4.5182   3.296674     0.9258     0.9022    99.8701     0.0052     4.7241 5.0065e-02      0.037     8.9976      98.63      1.267          0          1     71.437     71.102         21    34.4065    27.2679     4.4353    34.4095    27.2701     4.4371 0.0000e+00
      39804   1010.000   1019.142     4.5137   3.296059     4.5155   3.296480     0.9259     0.9020    99.8700     0.0052     4.7241 4.9796e-02      0.037     8.9889      98.63      1.171          0          1     71.359     71.029         23    34.4065    27.2682     4.4326    34.4096    27.2704     4.4344 0.0000e+00
      39827   1011.000   1020.154     4.5086   3.295667     4.5104   3.296087     0.9255     0.9018    99.8700     0.0052     4.7241 4.8832e-02      0.038     9.0439      98.63      1.084          0          1     71.299     70.999         22    34.4067    27.2689     4.4274    34.4097    27.2711     4.4292 0.0000e+00
      39848   1012.000   1021.166     4.5069   3.295579     4.5088   3.296006     0.9250     0.9015    99.8700     0.0052     4.7241 4.8840e-02      0.041     9.0652      98.63      1.089          0          1     71.189     70.980         21    34.4069    27.2693     4.4257    34.4099    27.2715     4.4275 0.0000e+00
      39868   1013.000   1022.177     4.5027   3.295244     4.5045   3.295653     0.9251     0.9013    99.8674     0.0053     4.7240 4.8840e-02      0.038     9.0501      98.63      1.157          0          1     71.292     71.014         20    34.4069    27.2697     4.4214    34.4098    27.2718     4.4232 0.0000e+00
      39888   1014.000   1023.188     4.4948   3.294629     4.4966   3.295037     0.9246     0.9015    99.8700     0.0052     4.7241 4.8840e-02      0.037     9.0271      98.63      1.219          0          1     71.195     71.069         19    34.4074    27.2710     4.4135    34.4103    27.2731     4.4153 0.0000e+00
      39908   1015.000   1024.200     4.4902   3.294269     4.4919   3.294677     0.9246     0.9010    99.8700     0.0052     4.7241 4.9473e-02      0.037     9.0298      98.63      1.235          0          1     71.130     70.793         21    34.4074    27.2715     4.4088    34.4104    27.2737     4.4105 0.0000e+00
      39929   1016.000   1025.212     4.4871   3.294062     4.4888   3.294461     0.9237     0.9004    99.8700     0.0052     4.7241 4.9999e-02      0.037     9.0449      98.63      1.195          0          1     71.024     70.852         21    34.4077    27.2721     4.4057    34.4106    27.2742     4.4074 0.0000e+00
      39951   1017.000   1026.223     4.4856   3.293973     4.4874   3.294391     0.9239     0.9005    99.8700     0.0052     4.7241 4.9616e-02      0.037     9.0426      98.63      1.136          0          1     71.119     70.930         22    34.4077    27.2723     4.4041    34.4107    27.2745     4.4059 0.0000e+00
      39972   1018.000   1027.235     4.4855   3.294008     4.4873   3.294420     0.9234     0.9001    99.8700     0.0052     4.7241 4.8846e-02      0.037     9.0477      98.63      1.125          0          1     71.019     70.749         21    34.4078    27.2723     4.4039    34.4107    27.2744     4.4057 0.0000e+00
      39992   1019.000   1028.246     4.4851   3.294009     4.4871   3.294431     0.9233     0.8999    99.8700     0.0052     4.7241 4.8840e-02      0.037     9.0684      98.63      1.157          0          1     71.082     70.863         20    34.4077    27.2723     4.4034    34.4105    27.2743     4.4054 0.0000e+00
      40012   1020.000   1029.258     4.4840   3.293954     4.4858   3.294371     0.9232     0.8998    99.8700     0.0052     4.7241 4.8840e-02      0.037     9.0728      98.63      1.201          0          1     71.244     70.878         20    34.4077    27.2724     4.4022    34.4107    27.2746     4.4040 0.0000e+00
      40032   1021.000   1030.269     4.4798   3.293642     4.4822   3.294100     0.9233     0.8998    99.8700     0.0052     4.7241 4.8840e-02      0.037     9.0510      98.63      1.212          0          1     71.248     70.860         21    34.4079    27.2730     4.3980    34.4107    27.2750     4.4004 0.0000e+00
      40054   1022.000   1031.281     4.4753   3.293278     4.4774   3.293721     0.9234     0.8994    99.8700     0.0052     4.7241 4.8840e-02      0.037     9.0338      98.63      1.167          0          1     71.152     70.840         22    34.4078    27.2735     4.3934    34.4108    27.2756     4.3955 0.0000e+00
      40078   1023.000   1032.292     4.4727   3.293105     4.4747   3.293538     0.9228     0.8996    99.8689     0.0052     4.7240 4.8840e-02      0.037     9.0513      98.63      1.073          0          1     71.049     70.899         24    34.4079    27.2739     4.3908    34.4109    27.2760     4.3927 0.0000e+00
      40101   1024.000   1033.304     4.4698   3.292892     4.4725   3.293369     0.9229     0.8993    99.8486     0.0060     4.7230 4.8947e-02      0.037     9.0379      98.63      1.025          0          1     71.087     70.815         23    34.4080    27.2742     4.3878    34.4107    27.2761     4.3905 0.0000e+00
      40122   1025.000   1034.316     4.4644   3.292474     4.4672   3.292958     0.9227     0.8992    99.8699     0.0052     4.7241 4.9266e-02      0.037     9.0248      98.63      1.077          0          1     71.087     70.905         20    34.4082    27.2750     4.3824    34.4109    27.2768     4.3851 0.0000e+00
      40142   1026.000   1035.327     4.4593   3.292055     4.4619   3.292550     0.9223     0.8993    99.8700     0.0052     4.7241 4.9110e-02      0.037     9.0262      98.63      1.177          0          1     71.088     70.799         18    34.4081    27.2754     4.3772    34.4111    27.2776     4.3798 0.0000e+00
      40160   1027.000   1036.339     4.4485   3.291160     4.4529   3.291747     0.9226     0.8988    99.8700     0.0052     4.7241 4.8835e-02      0.036     9.0463      98.63      1.279          0          1     71.127     70.715         18    34.4083    27.2768     4.3664    34.4106    27.2781     4.3708 0.0000e+00
      40178   1028.000   1037.350     4.4364   3.290194     4.4388   3.290638     0.9219     0.8988    99.8700     0.0052     4.7241 4.8840e-02      0.037     9.0687      98.63      1.331          0          1     70.929     70.969         19    34.4090    27.2787     4.3543    34.4117    27.2805     4.3567 0.0000e+00
      40197   1029.000   1038.362     4.4262   3.289411     4.4286   3.289853     0.9219     0.8987    99.8700     0.0052     4.7241 4.8840e-02      0.037     9.0837      98.63      1.317          0          1     70.968     70.709         19    34.4099    27.2805     4.3441    34.4126    27.2824     4.3465 0.0000e+00
      40217   1030.000   1039.374     4.4205   3.288975     4.4228   3.289414     0.9212     0.8982    99.8749     0.0050     4.7243 4.8840e-02      0.037     9.0580      98.63      1.261          0          1     70.734     70.559         21    34.4102    27.2814     4.3384    34.4130    27.2833     4.3406 0.0000e+00
      40239   1031.000   1040.385     4.4146   3.288484     4.4173   3.288967     0.9210     0.8978    99.8900     0.0044     4.7250 4.8840e-02      0.037     9.0422      98.63      1.180          0          1     70.913     70.556         22    34.4101    27.2819     4.3324    34.4130    27.2839     4.3351 0.0000e+00
      40262   1032.000   1041.397     4.4117   3.288276     4.4138   3.288701     0.9207     0.8973    99.8699     0.0052     4.7241 4.8942e-02      0.037     9.0331      98.63      1.097          0          1     70.849     70.568         24    34.4102    27.2823     4.3295    34.4130    27.2842     4.3315 0.0000e+00
      40285   1033.000   1042.408     4.4072   3.287956     4.4100   3.288428     0.9202     0.8971    99.8700     0.0052     4.7241 4.9267e-02      0.037     9.0045      98.63      1.040          0          1     70.801     70.645         23    34.4106    27.2831     4.3249    34.4132    27.2849     4.3277 0.0000e+00
      40308   1034.000   1043.420     4.4029   3.287617     4.4059   3.288114     0.9205     0.8969    99.8700     0.0052     4.7241 4.9730e-02      0.037     8.9850      98.63      1.046          0          1     70.768     70.567         22    34.4106    27.2835     4.3206    34.4133    27.2854     4.3235 0.0000e+00
      40328   1035.000   1044.432     4.3882   3.286388     4.3929   3.286990     0.9193     0.8967    99.8700     0.0052     4.7241 4.9481e-02      0.037     8.9705      98.63      1.116          0          1     70.597     70.613         19    34.4110    27.2854     4.3059    34.4131    27.2866     4.3105 0.0000e+00
      40347   1036.000   1045.443     4.3787   3.285673     4.3814   3.286135     0.9196     0.8965    99.8700     0.0052     4.7241 4.9155e-02      0.037     8.9689      98.63      1.206          0          1     70.734     70.543         19    34.4119    27.2872     4.2964    34.4145    27.2890     4.2990 0.0000e+00
      40366   1037.000   1046.455     4.3728   3.285212     4.3755   3.285671     0.9190     0.8963    99.8867     0.0046     4.7249 4.9267e-02      0.037     8.9793      98.63      1.268          0          1     70.612     70.246         20    34.4122    27.2880     4.2904    34.4147    27.2898     4.2931 0.0000e+00
      40387   1038.000   1047.466     4.3668   3.284792     4.3689   3.285199     0.9187     0.8953    99.8956     0.0042     4.7253 4.8850e-02      0.034     8.9958      98.63      1.254          0          1     70.639     70.028         21    34.4130    27.2893     4.2844    34.4155    27.2911     4.2865 0.0000e+00
      40408   1039.000   1048.478     4.3666   3.284832     4.3685   3.285239     0.9185     0.8945    99.8958     0.0042     4.7253 4.8840e-02      0.035     9.0278      98.63      1.169          0          1     70.396     70.092         22    34.4131    27.2895     4.2841    34.4159    27.2915     4.2860 0.0000e+00
      40431   1040.000   1049.490     4.3666   3.284883     4.3685   3.285290     0.9176     0.8942    99.8958     0.0042     4.7253 4.8840e-02      0.037     9.0649      98.63      1.088          0          1     70.368     70.252         23    34.4132    27.2895     4.2840    34.4160    27.2915     4.2859 0.0000e+00
      40453   1041.000   1050.502     4.3658   3.284876     4.3674   3.285278     0.9174     0.8940    99.8958     0.0042     4.7253 4.8840e-02      0.037     9.0764      98.63      1.083          0          1     70.379     70.228         21    34.4135    27.2898     4.2831    34.4165    27.2921     4.2847 0.0000e+00
      40473   1042.000   1051.513     4.3645   3.284812     4.3663   3.285232     0.9170     0.8938    99.8958     0.0042     4.7253 4.8840e-02      0.037     9.0793      98.63      1.148          0          1     70.243     70.020         19    34.4136    27.2900     4.2818    34.4166    27.2923     4.2835 0.0000e+00
      40491   1043.000   1052.525     4.3629   3.284731     4.3648   3.285142     0.9163     0.8931    99.8958     0.0042     4.7253 4.8840e-02      0.037     9.0994      98.63      1.241          0          1     70.197     69.893         18    34.4138    27.2904     4.2801    34.4166    27.2924     4.2820 0.0000e+00
      40510   1044.000   1053.536     4.3559   3.284194     4.3585   3.284656     0.9164     0.8927    99.8821     0.0047     4.7247 4.9035e-02      0.037     9.1473      98.63      1.298          0          1     70.301     69.951         19    34.4142    27.2915     4.2730    34.4169    27.2934     4.2756 0.0000e+00
      40530   1045.000   1054.548     4.3490   3.283668     4.3510   3.284081     0.9158     0.8925    99.8700     0.0052     4.7241 4.9247e-02      0.037     9.1621      98.63      1.275          0          1     70.220     69.821         21    34.4147    27.2926     4.2661    34.4175    27.2946     4.2681 0.0000e+00
      40552   1046.000   1055.560     4.3472   3.283556     4.3490   3.283961     0.9158     0.8919    99.8700     0.0052     4.7241 4.8846e-02      0.037     9.1538      98.63      1.189          0          1     70.268     69.810         23    34.4148    27.2929     4.2642    34.4176    27.2950     4.2660 0.0000e+00
      40575   1047.000   1056.572     4.3449   3.283404     4.3469   3.283812     0.9155     0.8915    99.8700     0.0052     4.7241 4.8840e-02      0.037     9.2184      98.63      1.078          0          1     70.158     69.986         23    34.4149    27.2932     4.2619    34.4176    27.2951     4.2639 0.0000e+00
      40598   1048.000   1057.583     4.3421   3.283202     4.3440   3.283606     0.9147     0.8917    99.8700     0.0052     4.7241 4.9537e-02      0.037     9.2663      98.63      1.033          0          1     69.996     69.881         23    34.4149    27.2936     4.2590    34.4177    27.2955     4.2609 0.0000e+00
      40619   1049.000   1058.595     4.3367   3.282786     4.3387   3.283196     0.9147     0.8908    99.8700     0.0052     4.7241 4.9287e-02      0.031     9.2940      98.63      1.084          0          1     69.996     69.602         19    34.4151    27.2943     4.2536    34.4179    27.2963     4.2555 0.0000e+00
      40638   1050.000   1059.606     4.3347   3.282668     4.3365   3.283069     0.9141     0.8908    99.8921     0.0043     4.7251 4.8833e-02      0.031     9.3284      98.63      1.191          0          1     69.958     69.906         19    34.4153    27.2947     4.2515    34.4181    27.2967     4.2533 0.0000e+00
      40657   1051.000   1060.618     4.3338   3.282636     4.3357   3.283046     0.9138     0.8908    99.8958     0.0042     4.7253 4.8840e-02      0.032     9.3713      98.63      1.282          0          1     70.088     69.846         19    34.4154    27.2948     4.2505    34.4182    27.2969     4.2524 0.0000e+00
      40677   1052.000   1061.630     4.3318   3.282514     4.3337   3.282919     0.9140     0.8904    99.8958     0.0042     4.7253 4.8840e-02      0.035     9.3993      98.63      1.280          0          1     70.140     69.730         21    34.4155    27.2952     4.2484    34.4183    27.2972     4.2503 0.0000e+00
      40698   1053.000   1062.642     4.3297   3.282373     4.3318   3.282793     0.9137     0.8903    99.8958     0.0042     4.7253 4.8840e-02      0.036     9.4141      98.63      1.186          0          1     70.057     69.797         22    34.4156    27.2954     4.2463    34.4183    27.2974     4.2483 0.0000e+00
