CTDdata/C05M001.cnv
* Sea-Bird SBE 9 Data File:
* FileName = C:\MR1703C\CTDdata\C05M001.hdr
* Software Version Seasave V 7.23.2
* Temperature SN = 031464
* Conductivity SN = 041203
* Number of Bytes Per Scan = 41
* Number of Voltage Words = 4
* Number of Scans Averaged by the Deck Unit = 1
* NMEA Latitude = 26 30.09 N
* NMEA Longitude = 126 05.05 E
* NMEA UTC (Time) = May 31 2017 17:54:13
* NMEA baud rate = 4800
** Cruise: MR17-03C
** Station: C05
** Bottom Depth [m]: 1922.0
** Operator: R.Kobayashi
# nquan = 29                                
# nvalues = 3796                        
# units = specified
# name 0 = scan: Scan Count
# name 1 = depSM: Depth [salt water, m]
# name 2 = prDM: Pressure, Digiquartz [db]
# name 3 = t090C: Temperature [ITS-90, deg C]
# name 4 = c0S/m: Conductivity [S/m]
# name 5 = t190C: Temperature, 2 [ITS-90, deg C]
# name 6 = c1S/m: Conductivity, 2 [S/m]
# name 7 = sbeox0V: Oxygen raw, SBE 43 [V]
# name 8 = sbeox1V: Oxygen raw, SBE 43, 2 [V]
# name 9 = CStarTr0: Beam Transmission, WET Labs C-Star [%]
# name 10 = CStarAt0: Beam Attenuation, WET Labs C-Star [1/m]
# name 11 = v4: Voltage 4
# name 12 = flSP: Fluorescence, Seapoint
# name 13 = seaTurbMtr: Turbidity, Seapoint [FTU]
# name 14 = wetCDOM: Fluorescence, WET Labs CDOM [mg/m^3]
# name 15 = altM: Altimeter [m]
# name 16 = dz/dtM: Descent Rate [m/s]
# name 17 = modError: Modulo Error Count
# name 18 = pumps: Pump Status
# name 19 = sbeox0Mm/Kg: Oxygen, SBE 43 [umol/kg], WS = 2
# name 20 = sbeox1Mm/Kg: Oxygen, SBE 43, 2 [umol/kg], WS = 2
# name 21 = nbin: number of scans per bin
# name 22 = sal00: Salinity, Practical [PSU]
# name 23 = sigma-é00: Density [sigma-theta, kg/m^3]
# name 24 = potemp090C: Potential Temperature [ITS-90, deg C]
# name 25 = sal11: Salinity, Practical, 2 [PSU]
# name 26 = sigma-é11: Density, 2 [sigma-theta, kg/m^3]
# name 27 = potemp190C: Potential Temperature, 2 [ITS-90, deg C]
# name 28 = flag: flag
# span 0 =      16147,     147503       
# span 1 =      1.000,   1900.000       
# span 2 =      1.007,   1921.295       
# span 3 =     3.7255,    26.2433       
# span 4 =   3.255573,   5.378204       
# span 5 =     3.7259,    26.2457       
# span 6 =   3.255864,   5.379360       
# span 7 =     0.8621,     2.6053       
# span 8 =     0.8405,     2.5472       
# span 9 =    98.3895,    99.9734       
# span 10 =     0.0011,     0.0649      
# span 11 =     4.6541,     4.7289      
# span 12 = 3.8746e-02, 5.7111e-01      
# span 13 =      0.024,      0.084      
# span 14 =     0.5142,    47.8626      
# span 15 =      -2.57,     114.05      
# span 16 =     -1.330,      1.374      
# span 17 =          0,          0      
# span 18 =          1,          1      
# span 19 =     67.724,    205.759      
# span 20 =     67.945,    203.891      
# span 21 =         17,        141      
# span 22 =    34.2553,    35.0126      
# span 23 =    22.5473,    27.3989      
# span 24 =     3.5716,    26.2413      
# span 25 =    34.2579,    35.0152      
# span 26 =    22.5480,    27.4002      
# span 27 =     3.5719,    26.2437      
# span 28 = 0.0000e+00, 0.0000e+00      
# interval = meters: 1                  
# start_time = May 31 2017 17:54:13 [NMEA time, header]
# bad_flag = -9.990e-29
*END*
[from data line 1301]
      45939   1305.000   1317.748     3.9066   3.257886     3.9082   3.258214     0.8863     0.8638    99.9475     0.0021     4.7277 5.0061e-02      0.032     9.0590      98.63      1.128          0          1     68.540     68.388         22    34.4410    27.3614     3.8049    34.4432    27.3630     3.8064 0.0000e+00
      45962   1306.000   1318.761     3.9061   3.257923     3.9077   3.258226     0.8867     0.8636    99.9475     0.0021     4.7277 5.0061e-02      0.031     9.0833      98.63      1.088          0          1     68.650     68.475         23    34.4414    27.3618     3.8043    34.4433    27.3632     3.8058 0.0000e+00
      45984   1307.000   1319.774     3.9056   3.257945     3.9073   3.258261     0.8871     0.8643    99.9291     0.0028     4.7268 5.0061e-02      0.027     9.1111      98.63      1.083          0          1     68.758     68.697         21    34.4417    27.3621     3.8037    34.4436    27.3635     3.8054 0.0000e+00
      46005   1308.000   1320.787     3.9057   3.257994     3.9073   3.258315     0.8875     0.8645    99.9401     0.0024     4.7274 5.0061e-02      0.031     9.1124      98.63      1.125          0          1     68.999     68.585         21    34.4417    27.3621     3.8037    34.4438    27.3636     3.8053 0.0000e+00
      46025   1309.000   1321.800     3.9058   3.258048     3.9074   3.258358     0.8879     0.8645    99.9475     0.0021     4.7277 5.0061e-02      0.031     9.1177      98.63      1.178          0          1     68.827     68.593         19    34.4417    27.3621     3.8037    34.4437    27.3635     3.8053 0.0000e+00
      46044   1310.000   1322.813     3.9054   3.258053     3.9069   3.258380     0.8879     0.8649    99.9475     0.0021     4.7277 5.0061e-02      0.032     9.1472      98.63      1.231          0          1     68.887     68.906         19    34.4417    27.3621     3.8032    34.4440    27.3638     3.8047 0.0000e+00
      46063   1311.000   1323.826     3.9047   3.258042     3.9062   3.258357     0.8885     0.8655    99.9475     0.0021     4.7277 4.9408e-02      0.036     9.1910      98.63      1.266          0          1     69.090     68.940         19    34.4418    27.3623     3.8024    34.4439    27.3639     3.8039 0.0000e+00
      46083   1312.000   1324.839     3.9042   3.258063     3.9058   3.258379     0.8888     0.8655    99.9475     0.0021     4.7277 4.8842e-02      0.033     9.2169      98.63      1.262          0          1     69.066     68.705         21    34.4420    27.3626     3.8019    34.4441    27.3640     3.8034 0.0000e+00
      46104   1313.000   1325.852     3.9037   3.258056     3.9052   3.258368     0.8889     0.8655    99.9475     0.0021     4.7277 4.8840e-02      0.031     9.2025      98.63      1.219          0          1     69.019     68.974         21    34.4420    27.3626     3.8013    34.4441    27.3641     3.8028 0.0000e+00
      46125   1314.000   1326.865     3.9012   3.257904     3.9028   3.258216     0.8892     0.8662    99.9475     0.0021     4.7277 4.8840e-02      0.031     9.1629      98.63      1.164          0          1     68.964     68.971         21    34.4423    27.3631     3.7987    34.4443    27.3645     3.8003 0.0000e+00
      46147   1315.000   1327.878     3.9001   3.257856     3.9018   3.258171     0.8890     0.8662    99.9475     0.0021     4.7277 4.9009e-02      0.031     9.1711      98.63      1.122          0          1     69.136     69.047         22    34.4424    27.3633     3.7975    34.4443    27.3646     3.7992 0.0000e+00
      46169   1316.000   1328.891     3.8996   3.257845     3.9013   3.258168     0.8895     0.8665    99.9475     0.0021     4.7277 5.0076e-02      0.031     9.2147      98.63      1.107          0          1     69.066     68.980         22    34.4423    27.3632     3.7969    34.4443    27.3647     3.7986 0.0000e+00
      46190   1317.000   1329.904     3.8991   3.257849     3.9009   3.258178     0.8893     0.8665    99.9475     0.0021     4.7277 5.0061e-02      0.031     9.2537      98.63      1.114          0          1     69.044     68.842         22    34.4423    27.3634     3.7964    34.4443    27.3648     3.7981 0.0000e+00
      46212   1318.000   1330.917     3.8980   3.257832     3.8996   3.258150     0.8893     0.8663    99.9475     0.0021     4.7277 5.0061e-02      0.031     9.2654      98.63      1.129          0          1     69.131     68.983         20    34.4428    27.3638     3.7952    34.4449    27.3653     3.7968 0.0000e+00
      46232   1319.000   1331.930     3.8977   3.257863     3.8993   3.258180     0.8895     0.8667    99.9475     0.0021     4.7277 5.0061e-02      0.031     9.2770      98.63      1.162          0          1     69.308     69.109         20    34.4430    27.3640     3.7948    34.4450    27.3655     3.7964 0.0000e+00
      46251   1320.000   1332.943     3.8976   3.257896     3.8989   3.258197     0.8899     0.8670    99.9475     0.0021     4.7277 4.9929e-02      0.031     9.3092      98.63      1.212          0          1     69.273     69.206         19    34.4429    27.3640     3.7946    34.4451    27.3656     3.7959 0.0000e+00
      46270   1321.000   1333.956     3.8974   3.257925     3.8990   3.258239     0.8899     0.8670    99.9475     0.0021     4.7277 4.8812e-02      0.031     9.3411      98.63      1.258          0          1     69.318     69.203         19    34.4430    27.3641     3.7943    34.4450    27.3655     3.7959 0.0000e+00
      46290   1322.000   1334.969     3.8969   3.257942     3.8985   3.258247     0.8902     0.8672    99.9475     0.0021     4.7277 4.8840e-02      0.031     9.3854      98.63      1.274          0          1     69.391     69.164         20    34.4432    27.3643     3.7937    34.4451    27.3657     3.7953 0.0000e+00
      46310   1323.000   1335.982     3.8968   3.257963     3.8984   3.258278     0.8903     0.8674    99.9426     0.0023     4.7275 4.8840e-02      0.031     9.4198      98.63      1.245          0          1     69.286     69.340         21    34.4431    27.3642     3.7936    34.4451    27.3657     3.7951 0.0000e+00
      46332   1324.000   1336.995     3.8968   3.258008     3.8983   3.258321     0.8902     0.8677    99.9220     0.0031     4.7265 4.9363e-02      0.031     9.4231      98.63      1.172          0          1     69.324     69.385         23    34.4431    27.3643     3.7935    34.4452    27.3658     3.7949 0.0000e+00
      46355   1325.000   1338.008     3.8965   3.258033     3.8981   3.258347     0.8904     0.8680    99.9382     0.0025     4.7273 5.0063e-02      0.031     9.4239      98.63      1.090          0          1     69.474     69.365         22    34.4432    27.3644     3.7931    34.4452    27.3658     3.7947 0.0000e+00
      46377   1326.000   1339.021     3.8954   3.258004     3.8969   3.258308     0.8909     0.8680    99.9476     0.0021     4.7277 5.0061e-02      0.032     9.4465      98.63      1.064          0          1     69.484     69.362         23    34.4435    27.3647     3.7919    34.4455    27.3662     3.7934 0.0000e+00
      46399   1327.000   1340.034     3.8954   3.258040     3.8970   3.258361     0.8908     0.8682    99.9402     0.0024     4.7274 5.0061e-02      0.036     9.4467      98.63      1.097          0          1     69.402     69.340         21    34.4434    27.3647     3.7918    34.4456    27.3662     3.7934 0.0000e+00
      46419   1328.000   1341.047     3.8950   3.258054     3.8964   3.258372     0.8908     0.8680    99.9219     0.0031     4.7265 5.0061e-02      0.036     9.4203      98.63      1.149          0          1     69.565     69.327         20    34.4435    27.3648     3.7913    34.4458    27.3665     3.7927 0.0000e+00
      46439   1329.000   1342.060     3.8944   3.258067     3.8962   3.258384     0.8912     0.8683    99.9281     0.0029     4.7268 5.0061e-02      0.031     9.3989      98.63      1.191          0          1     69.657     69.442         20    34.4438    27.3651     3.7907    34.4457    27.3664     3.7924 0.0000e+00
      46459   1330.000   1343.073     3.8944   3.258102     3.8959   3.258414     0.8913     0.8683    99.9217     0.0031     4.7265 5.0000e-02      0.031     9.3838      98.63      1.207          0          1     69.649     69.634         20    34.4437    27.3650     3.7906    34.4458    27.3666     3.7920 0.0000e+00
      46479   1331.000   1344.086     3.8944   3.258147     3.8958   3.258457     0.8915     0.8689    99.9217     0.0031     4.7265 4.8851e-02      0.031     9.4036      98.63      1.216          0          1     69.679     69.568         20    34.4437    27.3651     3.7905    34.4459    27.3667     3.7919 0.0000e+00
      46499   1332.000   1345.099     3.8944   3.258184     3.8959   3.258494     0.8916     0.8686    99.9217     0.0031     4.7265 4.9928e-02      0.031     9.4178      98.63      1.230          0          1     69.646     69.492         19    34.4437    27.3650     3.7904    34.4458    27.3666     3.7919 0.0000e+00
      46518   1333.000   1346.113     3.8940   3.258201     3.8956   3.258514     0.8916     0.8690    99.9448     0.0022     4.7276 5.0061e-02      0.031     9.4030      98.63      1.243          0          1     69.636     69.706         20    34.4438    27.3652     3.7899    34.4458    27.3666     3.7915 0.0000e+00
      46538   1334.000   1347.125     3.8927   3.258142     3.8944   3.258453     0.8917     0.8690    99.9269     0.0029     4.7267 5.0061e-02      0.031     9.3756      98.63      1.236          0          1     69.608     69.588         20    34.4440    27.3654     3.7885    34.4459    27.3668     3.7902 0.0000e+00
      46559   1335.000   1348.138     3.8928   3.258185     3.8941   3.258485     0.8917     0.8693    99.9217     0.0031     4.7265 4.9885e-02      0.034     9.3723      98.63      1.201          0          1     69.653     69.648         21    34.4439    27.3654     3.7885    34.4460    27.3670     3.7898 0.0000e+00
      46580   1336.000   1349.151     3.8926   3.258225     3.8940   3.258529     0.8916     0.8692    99.9252     0.0030     4.7267 4.9729e-02      0.034     9.4295      98.63      1.164          0          1     69.619     69.491         22    34.4440    27.3655     3.7882    34.4462    27.3671     3.7896 0.0000e+00
      46602   1337.000   1350.164     3.8915   3.258182     3.8931   3.258497     0.8917     0.8691    99.9449     0.0022     4.7276 5.0059e-02      0.031     9.4781      98.63      1.141          0          1     69.714     69.607         21    34.4442    27.3658     3.7871    34.4462    27.3672     3.7887 0.0000e+00
      46624   1338.000   1351.177     3.8910   3.258198     3.8925   3.258503     0.8917     0.8693    99.9475     0.0021     4.7277 5.0061e-02      0.032     9.4711      98.63      1.122          0          1     69.786     69.723         22    34.4444    27.3660     3.7865    34.4464    27.3675     3.7880 0.0000e+00
      46645   1339.000   1352.191     3.8907   3.258211     3.8922   3.258533     0.8920     0.8694    99.9276     0.0029     4.7268 5.0061e-02      0.035     9.4584      98.63      1.118          0          1     69.808     69.746         21    34.4444    27.3660     3.7861    34.4466    27.3676     3.7876 0.0000e+00
      46666   1340.000   1353.203     3.8899   3.258172     3.8914   3.258492     0.8921     0.8695    99.9217     0.0031     4.7265 5.0061e-02      0.034     9.4478      98.63      1.144          0          1     69.794     69.647         21    34.4442    27.3660     3.7852    34.4464    27.3676     3.7867 0.0000e+00
      46686   1341.000   1354.217     3.8895   3.258197     3.8909   3.258500     0.8921     0.8693    99.9217     0.0031     4.7265 5.0061e-02      0.031     9.4459      98.63      1.184          0          1     69.804     69.716         20    34.4445    27.3662     3.7847    34.4466    27.3678     3.7861 0.0000e+00
      46706   1342.000   1355.230     3.8893   3.258225     3.8907   3.258538     0.8922     0.8696    99.9217     0.0031     4.7265 5.0061e-02      0.031     9.4586      98.63      1.208          0          1     69.972     69.788         20    34.4445    27.3663     3.7845    34.4467    27.3679     3.7858 0.0000e+00
      46727   1343.000   1356.243     3.8892   3.258252     3.8907   3.258569     0.8925     0.8696    99.9217     0.0031     4.7265 5.0061e-02      0.036     9.4834      98.63      1.196          0          1     69.971     69.638         21    34.4444    27.3662     3.7843    34.4466    27.3678     3.7857 0.0000e+00
      46748   1344.000   1357.256     3.8889   3.258280     3.8903   3.258579     0.8925     0.8695    99.9217     0.0031     4.7265 4.9233e-02      0.037     9.5055      98.63      1.159          0          1     69.790     69.800         22    34.4446    27.3664     3.7839    34.4466    27.3679     3.7853 0.0000e+00
      46770   1345.000   1358.270     3.8880   3.258253     3.8895   3.258570     0.8922     0.8697    99.9217     0.0031     4.7265 4.8840e-02      0.037     9.5163      98.63      1.139          0          1     69.859     69.725         20    34.4447    27.3666     3.7829    34.4468    27.3682     3.7844 0.0000e+00
      46790   1346.000   1359.282     3.8867   3.258185     3.8881   3.258497     0.8924     0.8696    99.9072     0.0037     4.7258 4.9088e-02      0.033     9.5119      98.63      1.167          0          1     69.989     69.834         20    34.4447    27.3668     3.7815    34.4469    27.3684     3.7829 0.0000e+00
      46810   1347.000   1360.295     3.8850   3.258091     3.8865   3.258399     0.8926     0.8699    99.8958     0.0042     4.7253 4.9188e-02      0.031     9.4999      98.63      1.200          0          1     69.972     69.953         21    34.4449    27.3671     3.7798    34.4470    27.3686     3.7812 0.0000e+00
      46830   1348.000   1361.309     3.8834   3.258005     3.8847   3.258299     0.8925     0.8699    99.9136     0.0035     4.7261 4.8846e-02      0.031     9.4987      98.63      1.209          0          1     69.851     69.715         20    34.4450    27.3674     3.7781    34.4472    27.3689     3.7794 0.0000e+00
      46851   1349.000   1362.322     3.8824   3.257980     3.8838   3.258288     0.8926     0.8694    99.9450     0.0022     4.7276 4.8963e-02      0.036     9.4971      98.63      1.198          0          1     69.959     69.898         20    34.4453    27.3677     3.7770    34.4475    27.3693     3.7784 0.0000e+00
      46871   1350.000   1363.335     3.8816   3.257941     3.8830   3.258251     0.8925     0.8701    99.9215     0.0031     4.7265 4.9249e-02      0.037     9.5209      98.63      1.187          0          1     69.922     70.099         21    34.4452    27.3677     3.7761    34.4474    27.3693     3.7775 0.0000e+00
      46892   1351.000   1364.348     3.8812   3.257962     3.8825   3.258273     0.8925     0.8701    99.9217     0.0031     4.7265 4.9514e-02      0.037     9.5533      98.63      1.180          0          1     69.952     69.982         20    34.4453    27.3678     3.7756    34.4476    27.3695     3.7769 0.0000e+00
      46912   1352.000   1365.361     3.8806   3.257957     3.8819   3.258255     0.8925     0.8701    99.9217     0.0031     4.7265 4.8834e-02      0.032     9.5775      98.63      1.186          0          1     69.983     69.850         21    34.4454    27.3680     3.7750    34.4476    27.3695     3.7762 0.0000e+00
      46933   1353.000   1366.375     3.8796   3.257912     3.8810   3.258226     0.8926     0.8700    99.9217     0.0031     4.7265 4.8840e-02      0.034     9.5554      98.63      1.187          0          1     70.077     69.942         21    34.4454    27.3681     3.7739    34.4477    27.3697     3.7753 0.0000e+00
