CTDdata/C05M001.cnv
* Sea-Bird SBE 9 Data File:
* FileName = C:\MR1703C\CTDdata\C05M001.hdr
* Software Version Seasave V 7.23.2
* Temperature SN = 031464
* Conductivity SN = 041203
* Number of Bytes Per Scan = 41
* Number of Voltage Words = 4
* Number of Scans Averaged by the Deck Unit = 1
* NMEA Latitude = 26 30.09 N
* NMEA Longitude = 126 05.05 E
* NMEA UTC (Time) = May 31 2017 17:54:13
* NMEA baud rate = 4800
** Cruise: MR17-03C
** Station: C05
** Bottom Depth [m]: 1922.0
** Operator: R.Kobayashi
# nquan = 29                                
# nvalues = 3796                        
# units = specified
# name 0 = scan: Scan Count
# name 1 = depSM: Depth [salt water, m]
# name 2 = prDM: Pressure, Digiquartz [db]
# name 3 = t090C: Temperature [ITS-90, deg C]
# name 4 = c0S/m: Conductivity [S/m]
# name 5 = t190C: Temperature, 2 [ITS-90, deg C]
# name 6 = c1S/m: Conductivity, 2 [S/m]
# name 7 = sbeox0V: Oxygen raw, SBE 43 [V]
# name 8 = sbeox1V: Oxygen raw, SBE 43, 2 [V]
# name 9 = CStarTr0: Beam Transmission, WET Labs C-Star [%]
# name 10 = CStarAt0: Beam Attenuation, WET Labs C-Star [1/m]
# name 11 = v4: Voltage 4
# name 12 = flSP: Fluorescence, Seapoint
# name 13 = seaTurbMtr: Turbidity, Seapoint [FTU]
# name 14 = wetCDOM: Fluorescence, WET Labs CDOM [mg/m^3]
# name 15 = altM: Altimeter [m]
# name 16 = dz/dtM: Descent Rate [m/s]
# name 17 = modError: Modulo Error Count
# name 18 = pumps: Pump Status
# name 19 = sbeox0Mm/Kg: Oxygen, SBE 43 [umol/kg], WS = 2
# name 20 = sbeox1Mm/Kg: Oxygen, SBE 43, 2 [umol/kg], WS = 2
# name 21 = nbin: number of scans per bin
# name 22 = sal00: Salinity, Practical [PSU]
# name 23 = sigma-é00: Density [sigma-theta, kg/m^3]
# name 24 = potemp090C: Potential Temperature [ITS-90, deg C]
# name 25 = sal11: Salinity, Practical, 2 [PSU]
# name 26 = sigma-é11: Density, 2 [sigma-theta, kg/m^3]
# name 27 = potemp190C: Potential Temperature, 2 [ITS-90, deg C]
# name 28 = flag: flag
# span 0 =      16147,     147503       
# span 1 =      1.000,   1900.000       
# span 2 =      1.007,   1921.295       
# span 3 =     3.7255,    26.2433       
# span 4 =   3.255573,   5.378204       
# span 5 =     3.7259,    26.2457       
# span 6 =   3.255864,   5.379360       
# span 7 =     0.8621,     2.6053       
# span 8 =     0.8405,     2.5472       
# span 9 =    98.3895,    99.9734       
# span 10 =     0.0011,     0.0649      
# span 11 =     4.6541,     4.7289      
# span 12 = 3.8746e-02, 5.7111e-01      
# span 13 =      0.024,      0.084      
# span 14 =     0.5142,    47.8626      
# span 15 =      -2.57,     114.05      
# span 16 =     -1.330,      1.374      
# span 17 =          0,          0      
# span 18 =          1,          1      
# span 19 =     67.724,    205.759      
# span 20 =     67.945,    203.891      
# span 21 =         17,        141      
# span 22 =    34.2553,    35.0126      
# span 23 =    22.5473,    27.3989      
# span 24 =     3.5716,    26.2413      
# span 25 =    34.2579,    35.0152      
# span 26 =    22.5480,    27.4002      
# span 27 =     3.5719,    26.2437      
# span 28 = 0.0000e+00, 0.0000e+00      
# interval = meters: 1                  
# start_time = May 31 2017 17:54:13 [NMEA time, header]
# bad_flag = -9.990e-29
*END*
[from data line 2601]
      93601   1195.000   1206.355     4.0299   3.263442     4.0294   3.263572     0.8950     0.8750    99.8700     0.0052     4.7241 5.0082e-02      0.031     9.4826      98.63     -0.591          0          1     68.783     69.244         33    34.4332    27.3418     3.9366    34.4353    27.3435     3.9361 0.0000e+00
      93632   1194.000   1205.342     4.0405   3.264317     4.0411   3.264534     0.8949     0.8754    99.8700     0.0052     4.7241 5.0061e-02      0.031     9.5004      98.63     -0.757          0          1     68.801     69.275         31    34.4330    27.3406     3.9472    34.4349    27.3420     3.9478 0.0000e+00
      93663   1193.000   1204.330     4.0418   3.264386     4.0425   3.264593     0.8957     0.8758    99.8700     0.0052     4.7241 5.0061e-02      0.031     9.4584      98.63     -0.795          0          1     69.057     69.301         32    34.4330    27.3404     3.9486    34.4347    27.3417     3.9493 0.0000e+00
      93697   1192.000   1203.317     4.0422   3.264374     4.0426   3.264548     0.8960     0.8761    99.8700     0.0052     4.7241 5.0061e-02      0.031     9.4527      98.63     -0.733          0          1     68.929     69.461         36    34.4329    27.3403     3.9491    34.4346    27.3416     3.9495 0.0000e+00
      93734   1191.000   1202.305     4.0433   3.264424     4.0436   3.264587     0.8962     0.8767    99.8700     0.0052     4.7241 4.9435e-02      0.031     9.5191      98.63     -0.648          0          1     68.965     69.375         36    34.4329    27.3401     3.9503    34.4345    27.3414     3.9506 0.0000e+00
      93767   1190.000   1201.292     4.0444   3.264472     4.0446   3.264636     0.8965     0.8766    99.8700     0.0052     4.7241 4.8828e-02      0.031     9.5049      98.63     -0.715          0          1     68.955     69.373         29    34.4328    27.3400     3.9514    34.4345    27.3413     3.9516 0.0000e+00
      93793   1189.000   1200.280     4.0463   3.264592     4.0466   3.264763     0.8967     0.8770    99.8700     0.0052     4.7241 4.8840e-02      0.031     9.4850      98.63     -0.859          0          1     69.056     69.513         25    34.4327    27.3397     3.9534    34.4344    27.3410     3.9537 0.0000e+00
      93817   1188.000   1199.268     4.0496   3.264823     4.0498   3.264988     0.8967     0.8771    99.8700     0.0052     4.7241 4.8840e-02      0.031     9.4645      98.63     -0.974          0          1     68.843     69.489         23    34.4325    27.3392     3.9568    34.4343    27.3406     3.9570 0.0000e+00
      93841   1187.000   1198.256     4.0502   3.264827     4.0503   3.264984     0.8967     0.8775    99.8700     0.0052     4.7241 4.8840e-02      0.031     9.4369      98.63     -1.029          0          1     68.952     69.502         24    34.4325    27.3391     3.9574    34.4342    27.3404     3.9575 0.0000e+00
      93866   1186.000   1197.243     4.0507   3.264821     4.0509   3.264989     0.8969     0.8776    99.8546     0.0058     4.7233 4.8840e-02      0.031     9.4047      98.63     -0.994          0          1     69.139     69.516         27    34.4324    27.3389     3.9580    34.4341    27.3403     3.9582 0.0000e+00
      93894   1185.000   1196.231     4.0510   3.264801     4.0513   3.264982     0.8972     0.8777    99.8442     0.0062     4.7228 4.8840e-02      0.031     9.3853      98.63     -0.890          0          1     68.969     69.520         30    34.4323    27.3389     3.9584    34.4341    27.3403     3.9587 0.0000e+00
      93923   1184.000   1195.218     4.0518   3.264827     4.0519   3.264994     0.8972     0.8781    99.8605     0.0056     4.7236 4.8840e-02      0.031     9.3752      98.63     -0.839          0          1     68.973     69.626         27    34.4323    27.3388     3.9593    34.4342    27.3402     3.9594 0.0000e+00
      93948   1183.000   1194.206     4.0519   3.264787     4.0522   3.264960     0.8972     0.8782    99.8701     0.0052     4.7241 4.9403e-02      0.031     9.3323      98.63     -0.911          0          1     69.059     69.529         22    34.4322    27.3387     3.9595    34.4339    27.3400     3.9598 0.0000e+00
      93969   1182.000   1193.193     4.0531   3.264862     4.0532   3.265007     0.8974     0.8781    99.8648     0.0054     4.7238 5.0070e-02      0.031     9.3137      98.63     -1.058          0          1     69.088     69.551         20    34.4324    27.3387     3.9608    34.4340    27.3399     3.9609 0.0000e+00
      93989   1181.000   1192.181     4.0556   3.265026     4.0556   3.265164     0.8976     0.8784    99.8441     0.0062     4.7228 4.9510e-02      0.031     9.3322      98.63     -1.185          0          1     69.030     69.676         20    34.4322    27.3383     3.9633    34.4338    27.3395     3.9633 0.0000e+00
      94009   1180.000   1191.169     4.0566   3.265068     4.0571   3.265249     0.8976     0.8786    99.8442     0.0062     4.7228 5.0000e-02      0.031     9.3697      98.63     -1.220          0          1     69.023     69.577         21    34.4321    27.3381     3.9644    34.4338    27.3393     3.9649 0.0000e+00
      94031   1179.000   1190.157     4.0574   3.265084     4.0576   3.265252     0.8977     0.8786    99.8442     0.0062     4.7228 4.9305e-02      0.031     9.3496      98.63     -1.153          0          1     69.114     69.520         24    34.4320    27.3379     3.9653    34.4338    27.3393     3.9655 0.0000e+00
      94056   1178.000   1189.145     4.0575   3.265049     4.0578   3.265223     0.8980     0.8786    99.8442     0.0062     4.7228 4.8989e-02      0.031     9.3128      98.63     -1.031          0          1     69.131     69.509         25    34.4320    27.3379     3.9655    34.4337    27.3392     3.9658 0.0000e+00
      94080   1177.000   1188.132     4.0589   3.265130     4.0588   3.265274     0.8980     0.8786    99.8442     0.0062     4.7228 4.9285e-02      0.031     9.2914      98.63     -0.992          0          1     69.150     70.613         22    34.4320    27.3377     3.9669    34.4338    27.3392     3.9668 0.0000e+00
      94101   1176.000   1187.120     4.0610   3.265267     4.0617   3.265459     0.8984     0.8789    99.8442     0.0062     4.7228 5.0065e-02      0.031     9.2752      98.63     -1.072          0          1     69.191     69.688         20    34.4319    27.3374     3.9691    34.4335    27.3386     3.9698 0.0000e+00
      94120   1175.000   1186.107     4.0643   3.265502     4.0644   3.265662     0.8984     0.8791    99.8442     0.0062     4.7228 4.9168e-02      0.031     9.2661      98.63     -1.191          0          1     69.217     69.717         19    34.4318    27.3370     3.9725    34.4335    27.3384     3.9726 0.0000e+00
      94139   1174.000   1185.095     4.0704   3.265976     4.0709   3.266166     0.8989     0.8792    99.8442     0.0062     4.7228 4.8841e-02      0.031     9.2704      98.63     -1.264          0          1     69.330     69.785         19    34.4315    27.3361     3.9786    34.4332    27.3374     3.9791 0.0000e+00
      94159   1173.000   1184.083     4.0739   3.266223     4.0736   3.266358     0.8990     0.8799    99.8442     0.0062     4.7228 4.8840e-02      0.031     9.3051      98.63     -1.258          0          1     69.254     69.822         21    34.4313    27.3356     3.9822    34.4332    27.3371     3.9819 0.0000e+00
      94182   1172.000   1183.070     4.0777   3.266499     4.0786   3.266724     0.8992     0.8796    99.8442     0.0062     4.7228 5.0043e-02      0.031     9.3677      98.63     -1.148          0          1     69.305     69.655         26    34.4311    27.3350     3.9860    34.4328    27.3363     3.9869 0.0000e+00
      94210   1171.000   1182.058     4.0810   3.266717     4.0809   3.266876     0.8995     0.8799    99.8442     0.0062     4.7228 4.9893e-02      0.031     9.3895      98.63     -0.933          0          1     69.226     69.696         29    34.4307    27.3344     3.9894    34.4327    27.3360     3.9893 0.0000e+00
      94237   1170.000   1181.046     4.0840   3.266942     4.0830   3.267009     0.8992     0.8799    99.8442     0.0062     4.7228 4.9857e-02      0.031     9.3964      98.63     -0.867          0          1     69.256     69.761         24    34.4307    27.3341     3.9924    34.4326    27.3356     3.9914 0.0000e+00
      94259   1169.000   1180.034     4.0879   3.267215     4.0877   3.267357     0.8999     0.8804    99.8442     0.0062     4.7228 5.0062e-02      0.031     9.3869      98.63     -0.999          0          1     69.403     69.906         20    34.4304    27.3334     3.9964    34.4323    27.3349     3.9962 0.0000e+00
      94279   1168.000   1179.021     4.0903   3.267376     4.0907   3.267556     0.8998     0.8806    99.8442     0.0062     4.7228 4.9632e-02      0.033     9.3664      98.63     -1.149          0          1     69.222     69.835         20    34.4303    27.3331     3.9988    34.4320    27.3344     3.9992 0.0000e+00
      94298   1167.000   1178.009     4.0910   3.267373     4.0917   3.267577     0.8999     0.8807    99.8442     0.0062     4.7228 4.9209e-02      0.031     9.4059      98.63     -1.220          0          1     69.344     69.631         20    34.4300    27.3328     3.9996    34.4317    27.3340     4.0003 0.0000e+00
      94319   1166.000   1176.997     4.0917   3.267404     4.0919   3.267563     0.9000     0.8804    99.8442     0.0062     4.7228 4.9189e-02      0.031     9.4519      98.63     -1.212          0          1     69.266     69.763         21    34.4302    27.3328     4.0004    34.4318    27.3341     4.0006 0.0000e+00
      94341   1165.000   1175.985     4.0931   3.267470     4.0935   3.267657     0.9002     0.8811    99.8442     0.0062     4.7228 4.9563e-02      0.031     9.4389      98.63     -1.158          0          1     69.150     69.983         22    34.4300    27.3325     4.0019    34.4318    27.3339     4.0023 0.0000e+00
      94363   1164.000   1174.972     4.0946   3.267556     4.0948   3.267721     0.8999     0.8809    99.8442     0.0062     4.7228 4.9898e-02      0.031     9.3707      98.63     -1.109          0          1     69.262     69.675         22    34.4299    27.3323     4.0035    34.4317    27.3337     4.0037 0.0000e+00
      94384   1163.000   1173.960     4.0990   3.267894     4.0993   3.268066     0.9002     0.8809    99.8442     0.0062     4.7228 4.9127e-02      0.031     9.3538      98.63     -1.110          0          1     69.342     69.770         21    34.4299    27.3318     4.0079    34.4316    27.3331     4.0082 0.0000e+00
      94405   1162.000   1172.948     4.1057   3.268449     4.1078   3.268792     0.9005     0.8813    99.8442     0.0062     4.7228 4.8838e-02      0.031     9.3651      98.63     -1.153          0          1     69.376     69.921         20    34.4299    27.3311     4.0146    34.4318    27.3324     4.0167 0.0000e+00
      94425   1161.000   1171.936     4.1278   3.270199     4.1260   3.270228     0.9006     0.8813    99.8442     0.0062     4.7228 4.9831e-02      0.031     9.3645      98.63     -1.191          0          1     69.481     69.755         20    34.4280    27.3274     4.0366    34.4302    27.3293     4.0348 0.0000e+00
      94446   1160.000   1170.923     4.1332   3.270629     4.1328   3.270747     0.9013     0.8814    99.8442     0.0062     4.7228 5.0059e-02      0.031     9.3714      98.63     -1.190          0          1     69.617     69.852         21    34.4280    27.3267     4.0421    34.4298    27.3282     4.0417 0.0000e+00
      94469   1159.000   1169.911     4.1404   3.271174     4.1401   3.271313     0.9016     0.8818    99.8442     0.0062     4.7228 4.9782e-02      0.031     9.4071      98.63     -1.108          0          1     69.521     70.033         26    34.4274    27.3255     4.0493    34.4293    27.3271     4.0490 0.0000e+00
      94496   1158.000   1168.899     4.1432   3.271370     4.1433   3.271521     0.9018     0.8823    99.8442     0.0062     4.7228 4.8973e-02      0.031     9.4371      98.63     -0.952          0          1     70.022     69.904         27    34.4273    27.3252     4.0522    34.4289    27.3265     4.0522 0.0000e+00
      94522   1157.000   1167.887     4.1489   3.271800     4.1472   3.271787     0.9018     0.8823    99.8442     0.0062     4.7228 4.8837e-02      0.031     9.4056      98.63     -0.903          0          1     69.441     69.926         24    34.4269    27.3243     4.0579    34.4285    27.3257     4.0562 0.0000e+00
      94544   1156.000   1166.875     4.1548   3.272247     4.1533   3.272299     0.9021     0.8827    99.8442     0.0062     4.7228 4.9075e-02      0.031     9.3804      98.63     -1.007          0          1     69.530     70.005         21    34.4265    27.3234     4.0638    34.4287    27.3252     4.0623 0.0000e+00
      94564   1155.000   1165.862     4.1586   3.272508     4.1584   3.272655     0.9022     0.8828    99.8442     0.0062     4.7228 4.8902e-02      0.031     9.3873      98.63     -1.135          0          1     69.508     69.998         19    34.4262    27.3226     4.0677    34.4281    27.3242     4.0675 0.0000e+00
      94584   1154.000   1164.850     4.1625   3.272794     4.1626   3.272968     0.9025     0.8831    99.8442     0.0062     4.7228 4.8840e-02      0.033     9.3925      98.63     -1.227          0          1     69.549     70.036         20    34.4260    27.3221     4.0716    34.4279    27.3236     4.0717 0.0000e+00
      94603   1153.000   1163.838     4.1676   3.273171     4.1687   3.273446     0.9026     0.8833    99.8442     0.0062     4.7228 4.8840e-02      0.031     9.3998      98.63     -1.258          0          1     69.446     70.107         20    34.4256    27.3213     4.0768    34.4277    27.3228     4.0779 0.0000e+00
      94624   1152.000   1162.826     4.1762   3.273855     4.1744   3.273841     0.9026     0.8836    99.8442     0.0062     4.7228 4.8840e-02      0.031     9.4366      98.63     -1.218          0          1     69.515     69.922         21    34.4252    27.3200     4.0854    34.4269    27.3216     4.0836 0.0000e+00
      94646   1151.000   1161.814     4.1799   3.274127     4.1790   3.274230     0.9029     0.8836    99.8442     0.0062     4.7228 4.8840e-02      0.031     9.4362      98.63     -1.126          0          1     69.590     69.982         24    34.4251    27.3195     4.0891    34.4272    27.3213     4.0882 0.0000e+00
      94670   1150.000   1160.802     4.1870   3.274660     4.1855   3.274686     0.9030     0.8841    99.8442     0.0062     4.7228 4.9845e-02      0.031     9.3709      98.63     -1.053          0          1     69.452     70.073         23    34.4244    27.3183     4.0963    34.4263    27.3199     4.0948 0.0000e+00
      94693   1149.000   1159.789     4.1897   3.274831     4.1890   3.274933     0.9030     0.8839    99.8442     0.0062     4.7228 4.9105e-02      0.031     9.3136      98.63     -1.042          0          1     69.583     69.893         22    34.4242    27.3178     4.0990    34.4261    27.3194     4.0983 0.0000e+00
      94714   1148.000   1158.777     4.1931   3.275078     4.1932   3.275241     0.9032     0.8839    99.8442     0.0062     4.7228 4.9013e-02      0.031     9.3189      98.63     -1.087          0          1     69.570     69.870         21    34.4240    27.3173     4.1025    34.4258    27.3187     4.1026 0.0000e+00
      94735   1147.000   1157.764     4.1946   3.275149     4.1947   3.275305     0.9033     0.8838    99.8442     0.0062     4.7228 4.9958e-02      0.031     9.3453      98.63     -1.142          0          1     69.422     70.002         21    34.4238    27.3170     4.1041    34.4255    27.3183     4.1042 0.0000e+00
