CTDdata/C06M001.cnv
* Sea-Bird SBE 9 Data File:
* FileName = C:\MR1703C\CTDdata\C06M001.hdr
* Software Version Seasave V 7.23.2
* Temperature SN = 031464
* Conductivity SN = 041203
* Number of Bytes Per Scan = 41
* Number of Voltage Words = 4
* Number of Scans Averaged by the Deck Unit = 1
* NMEA Latitude = 26 19.95 N
* NMEA Longitude = 125 39.96 E
* NMEA UTC (Time) = May 31 2017 23:19:28
* NMEA baud rate = 4800
** Cruise: MR17-03C
** Station: C06
** Bottom Depth [m]: 1943.0
** Operator: R.Kobayashi
# nquan = 29                                
# nvalues = 3847                        
# units = specified
# name 0 = scan: Scan Count
# name 1 = depSM: Depth [salt water, m]
# name 2 = prDM: Pressure, Digiquartz [db]
# name 3 = t090C: Temperature [ITS-90, deg C]
# name 4 = c0S/m: Conductivity [S/m]
# name 5 = t190C: Temperature, 2 [ITS-90, deg C]
# name 6 = c1S/m: Conductivity, 2 [S/m]
# name 7 = sbeox0V: Oxygen raw, SBE 43 [V]
# name 8 = sbeox1V: Oxygen raw, SBE 43, 2 [V]
# name 9 = CStarTr0: Beam Transmission, WET Labs C-Star [%]
# name 10 = CStarAt0: Beam Attenuation, WET Labs C-Star [1/m]
# name 11 = v4: Voltage 4
# name 12 = flSP: Fluorescence, Seapoint
# name 13 = seaTurbMtr: Turbidity, Seapoint [FTU]
# name 14 = wetCDOM: Fluorescence, WET Labs CDOM [mg/m^3]
# name 15 = altM: Altimeter [m]
# name 16 = dz/dtM: Descent Rate [m/s]
# name 17 = modError: Modulo Error Count
# name 18 = pumps: Pump Status
# name 19 = sbeox0Mm/Kg: Oxygen, SBE 43 [umol/kg], WS = 2
# name 20 = sbeox1Mm/Kg: Oxygen, SBE 43, 2 [umol/kg], WS = 2
# name 21 = nbin: number of scans per bin
# name 22 = sal00: Salinity, Practical [PSU]
# name 23 = sigma-é00: Density [sigma-theta, kg/m^3]
# name 24 = potemp090C: Potential Temperature [ITS-90, deg C]
# name 25 = sal11: Salinity, Practical, 2 [PSU]
# name 26 = sigma-é11: Density, 2 [sigma-theta, kg/m^3]
# name 27 = potemp190C: Potential Temperature, 2 [ITS-90, deg C]
# name 28 = flag: flag
# span 0 =      44430,     191822       
# span 1 =      1.000,   1926.000       
# span 2 =      1.006,   1947.683       
# span 3 =     3.7211,    26.5980       
# span 4 =   3.260554,   5.433207       
# span 5 =     3.7216,    26.5988       
# span 6 =   3.260718,   5.433617       
# span 7 =     0.8607,     2.5932       
# span 8 =     0.8394,     2.5322       
# span 9 =    97.9920,    99.9477       
# span 10 =     0.0021,     0.0814      
# span 11 =     4.6352,     4.7277      
# span 12 = 3.8551e-02, 5.9312e-01      
# span 13 =      0.020,      0.106      
# span 14 =     0.6474,    70.6536      
# span 15 =       7.17,     106.17      
# span 16 =     -1.356,      1.418      
# span 17 =          0,          0      
# span 18 =          1,          1      
# span 19 =     68.548,    203.593      
# span 20 =     68.495,    227.396      
# span 21 =         17,        210      
# span 22 =    34.2435,    35.0164      
# span 23 =    22.6046,    27.3998      
# span 24 =     3.5653,    26.5969      
# span 25 =    34.2434,    35.0170      
# span 26 =    22.6050,    27.4008      
# span 27 =     3.5661,    26.5976      
# span 28 = 0.0000e+00, 0.0000e+00      
# interval = meters: 1                  
# start_time = May 31 2017 23:19:28 [NMEA time, header]
# bad_flag = -9.990e-29
*END*
[from data line 701]
      61572    706.000    711.859     6.0210   3.411290     6.0226   3.411796     1.0504     1.0250    99.5601     0.0176     4.7094 4.8840e-02      0.055     8.3009      98.63      0.962          0          1     85.546     84.696         25    34.3360    27.0333     5.9578    34.3401    27.0363     5.9594 0.0000e+00
      61596    707.000    712.869     6.0055   3.410026     6.0072   3.410539     1.0495     1.0238    99.5601     0.0176     4.7094 4.8840e-02      0.055     8.2537      98.63      0.972          0          1     85.438     84.427         24    34.3370    27.0360     5.9423    34.3410    27.0390     5.9440 0.0000e+00
      61620    708.000    713.879     5.9986   3.409471     6.0002   3.409984     1.0489     1.0225    99.5601     0.0176     4.7094 4.8259e-02      0.057     8.2619      98.63      1.012          0          1     85.306     84.377         23    34.3372    27.0371     5.9354    34.3414    27.0402     5.9369 0.0000e+00
      61643    709.000    714.889     5.9912   3.408884     5.9930   3.409401     1.0476     1.0216    99.5601     0.0176     4.7094 4.8508e-02      0.055     8.2917      98.63      1.050          0          1     84.914     84.397         22    34.3376    27.0383     5.9279    34.3416    27.0413     5.9297 0.0000e+00
      61665    710.000    715.899     5.9831   3.408201     5.9845   3.408682     1.0468     1.0210    99.5601     0.0176     4.7094 4.8840e-02      0.055     8.3001      98.63      1.074          0          1     84.987     84.384         23    34.3376    27.0394     5.9198    34.3416    27.0423     5.9211 0.0000e+00
      61687    711.000    716.908     5.9636   3.406539     5.9656   3.407075     1.0456     1.0204    99.5601     0.0176     4.7094 4.8840e-02      0.055     8.3431      98.63      1.083          0          1     84.955     84.100         22    34.3381    27.0422     5.9003    34.3421    27.0451     5.9022 0.0000e+00
      61710    712.000    717.919     5.9504   3.405435     5.9515   3.405887     1.0452     1.0190    99.5668     0.0173     4.7097 4.8840e-02      0.058     8.3543      98.63      1.076          0          1     84.947     83.959         23    34.3386    27.0442     5.8870    34.3425    27.0472     5.8881 0.0000e+00
      61732    713.000    718.929     5.9433   3.404851     5.9449   3.405352     1.0444     1.0183    99.5859     0.0166     4.7106 4.8840e-02      0.060     8.3636      98.63      1.076          0          1     84.800     83.864         22    34.3387    27.0452     5.8799    34.3427    27.0482     5.8815 0.0000e+00
      61755    714.000    719.939     5.9414   3.404733     5.9432   3.405251     1.0436     1.0169    99.5859     0.0166     4.7106 4.8364e-02      0.055     8.3856      98.63      1.081          0          1     84.669     83.621         23    34.3388    27.0455     5.8779    34.3428    27.0485     5.8797 0.0000e+00
      61778    715.000    720.949     5.9402   3.404674     5.9423   3.405216     1.0430     1.0162    99.5859     0.0166     4.7106 4.7631e-02      0.055     8.4226      98.63      1.077          0          1     84.580     83.711         23    34.3388    27.0457     5.8766    34.3428    27.0486     5.8787 0.0000e+00
      61801    716.000    721.959     5.9395   3.404663     5.9416   3.405207     1.0418     1.0154    99.5859     0.0166     4.7106 4.7619e-02      0.055     8.4659      98.63      1.049          0          1     84.403     83.701         24    34.3389    27.0459     5.8758    34.3429    27.0488     5.8779 0.0000e+00
      61826    717.000    722.969     5.9389   3.404656     5.9406   3.405152     1.0411     1.0153    99.5859     0.0166     4.7106 4.7619e-02      0.055     8.5118      98.63      0.997          0          1     84.378     83.754         26    34.3390    27.0460     5.8751    34.3428    27.0489     5.8768 0.0000e+00
      61852    718.000    723.979     5.9374   3.404567     5.9394   3.405105     1.0406     1.0146    99.5859     0.0166     4.7106 4.7619e-02      0.055     8.5279      98.63      0.959          0          1     84.538     83.667         25    34.3390    27.0462     5.8735    34.3430    27.0492     5.8755 0.0000e+00
      61876    719.000    724.989     5.9362   3.404516     5.9384   3.405066     1.0406     1.0144    99.5859     0.0166     4.7106 4.8467e-02      0.055     8.5175      98.63      0.969          0          1     84.619     83.647         23    34.3391    27.0465     5.8723    34.3431    27.0494     5.8744 0.0000e+00
      61899    720.000    725.999     5.9363   3.404564     5.9382   3.405096     1.0406     1.0138    99.5859     0.0166     4.7106 4.8847e-02      0.055     8.4825      98.63      1.026          0          1     84.545     83.594         22    34.3391    27.0465     5.8723    34.3431    27.0494     5.8741 0.0000e+00
      61921    721.000    727.010     5.9351   3.404511     5.9372   3.405057     1.0402     1.0138    99.5859     0.0166     4.7106 4.8840e-02      0.055     8.4299      98.63      1.076          0          1     84.468     83.651         23    34.3392    27.0467     5.8710    34.3432    27.0496     5.8731 0.0000e+00
      61944    722.000    728.019     5.9322   3.404299     5.9336   3.404786     1.0401     1.0134    99.5859     0.0166     4.7106 4.8002e-02      0.055     8.4313      98.63      1.088          0          1     84.159     83.575         23    34.3393    27.0471     5.8680    34.3433    27.0502     5.8694 0.0000e+00
      61968    723.000    729.029     5.9311   3.404247     5.9332   3.404782     1.0382     1.0132    99.5859     0.0166     4.7106 4.7623e-02      0.055     8.4350      98.63      1.040          0          1     83.967     83.563         25    34.3393    27.0473     5.8668    34.3432    27.0501     5.8689 0.0000e+00
      61993    724.000    730.040     5.9289   3.404100     5.9311   3.404642     1.0382     1.0129    99.5859     0.0166     4.7106 4.8361e-02      0.055     8.4176      98.63      0.974          0          1     84.305     83.451         26    34.3394    27.0477     5.8645    34.3432    27.0505     5.8667 0.0000e+00
      62019    725.000    731.050     5.9256   3.403858     5.9277   3.404408     1.0382     1.0122    99.5615     0.0175     4.7095 4.8832e-02      0.055     8.4482      98.63      0.949          0          1     84.210     83.303         25    34.3395    27.0482     5.8611    34.3436    27.0511     5.8632 0.0000e+00
      62043    726.000    732.060     5.9070   3.402275     5.9091   3.402799     1.0375     1.0117    99.5557     0.0178     4.7092 4.8840e-02      0.055     8.4207      98.63      0.976          0          1     83.872     83.241         23    34.3400    27.0509     5.8426    34.3437    27.0536     5.8446 0.0000e+00
      62065    727.000    733.070     5.8697   3.399097     5.8712   3.399541     1.0365     1.0111    99.5542     0.0178     4.7091 4.8840e-02      0.055     8.3842      98.63      1.035          0          1     83.732     83.110         22    34.3414    27.0567     5.8054    34.3449    27.0592     5.8069 0.0000e+00
      62087    728.000    734.080     5.8454   3.397027     5.8465   3.397438     1.0357     1.0100    99.5347     0.0187     4.7082 4.8840e-02      0.057     8.3991      98.63      1.102          0          1     83.590     82.850         21    34.3422    27.0603     5.7811    34.3457    27.0629     5.7822 0.0000e+00
      62107    729.000    735.090     5.8324   3.395932     5.8340   3.396405     1.0343     1.0089    99.5510     0.0180     4.7090 4.8840e-02      0.061     8.4336      98.63      1.150          0          1     83.317     82.571         20    34.3425    27.0621     5.7681    34.3462    27.0649     5.7697 0.0000e+00
      62129    730.000    736.101     5.8146   3.394406     5.8158   3.394843     1.0332     1.0073    99.5602     0.0176     4.7094 4.8840e-02      0.061     8.4488      98.63      1.160          0          1     83.236     82.360         22    34.3428    27.0646     5.7503    34.3465    27.0674     5.7515 0.0000e+00
      62152    731.000    737.111     5.8059   3.393696     5.8076   3.394191     1.0315     1.0062    99.5601     0.0176     4.7094 4.8840e-02      0.058     8.4359      98.63      1.110          0          1     82.761     82.413         24    34.3431    27.0659     5.7415    34.3469    27.0687     5.7432 0.0000e+00
      62177    732.000    738.121     5.8001   3.393215     5.8014   3.393674     1.0298     1.0049    99.5771     0.0169     4.7102 4.8840e-02      0.055     8.4046      98.63      1.007          0          1     82.750     82.200         26    34.3430    27.0666     5.7357    34.3469    27.0695     5.7370 0.0000e+00
      62203    733.000    739.131     5.7962   3.392942     5.7982   3.393462     1.0285     1.0039    99.5860     0.0166     4.7106 4.8840e-02      0.055     8.4233      98.63      0.937          0          1     82.862     82.237         26    34.3434    27.0674     5.7317    34.3472    27.0702     5.7337 0.0000e+00
      62227    734.000    740.141     5.7960   3.392970     5.7980   3.393490     1.0284     1.0030    99.5709     0.0172     4.7099 4.8840e-02      0.055     8.4344      98.63      0.955          0          1     82.975     82.032         24    34.3434    27.0674     5.7314    34.3473    27.0702     5.7334 0.0000e+00
      62251    735.000    741.152     5.7956   3.392988     5.7975   3.393510     1.0276     1.0020    99.5602     0.0176     4.7094 4.8840e-02      0.055     8.4623      98.63      1.011          0          1     82.730     81.969         23    34.3435    27.0676     5.7309    34.3475    27.0705     5.7328 0.0000e+00
      62274    736.000    742.162     5.7943   3.392924     5.7963   3.393448     1.0272     1.0016    99.5601     0.0176     4.7094 4.8840e-02      0.055     8.5074      98.63      1.050          0          1     82.889     82.191         23    34.3436    27.0678     5.7295    34.3475    27.0707     5.7315 0.0000e+00
      62297    737.000    743.172     5.7934   3.392898     5.7954   3.393429     1.0272     1.0014    99.5601     0.0176     4.7094 4.8840e-02      0.055     8.5089      98.63      1.047          0          1     82.975     82.098         23    34.3438    27.0681     5.7286    34.3477    27.0709     5.7305 0.0000e+00
      62321    738.000    744.182     5.7925   3.392869     5.7944   3.393391     1.0271     1.0011    99.5673     0.0173     4.7097 4.8840e-02      0.055     8.5028      98.63      1.027          0          1     82.843     81.930         25    34.3439    27.0682     5.7276    34.3478    27.0711     5.7295 0.0000e+00
      62345    739.000    745.192     5.7913   3.392807     5.7933   3.393324     1.0266     1.0003    99.5856     0.0166     4.7106 4.8840e-02      0.055     8.4901      98.63      1.014          0          1     82.768     81.945         23    34.3439    27.0684     5.7263    34.3477    27.0712     5.7283 0.0000e+00
      62368    740.000    746.202     5.7881   3.392561     5.7898   3.393072     1.0263     1.0002    99.5859     0.0166     4.7106 4.8840e-02      0.055     8.4509      98.63      1.039          0          1     82.597     81.873         22    34.3439    27.0688     5.7230    34.3479    27.0718     5.7247 0.0000e+00
      62390    741.000    747.213     5.7861   3.392439     5.7881   3.392976     1.0253     0.9995    99.5859     0.0166     4.7106 4.8840e-02      0.055     8.4219      98.63      1.064          0          1     82.297     81.889         23    34.3440    27.0692     5.7209    34.3480    27.0721     5.7229 0.0000e+00
      62413    742.000    748.223     5.7855   3.392438     5.7874   3.392957     1.0247     0.9996    99.5859     0.0166     4.7106 4.8840e-02      0.055     8.4391      98.63      1.066          0          1     82.564     81.978         23    34.3441    27.0693     5.7202    34.3480    27.0722     5.7221 0.0000e+00
      62436    743.000    749.233     5.7793   3.391923     5.7810   3.392421     1.0247     0.9994    99.5859     0.0166     4.7106 4.8840e-02      0.055     8.4446      98.63      1.052          0          1     82.607     81.963         23    34.3441    27.0701     5.7140    34.3480    27.0730     5.7157 0.0000e+00
      62459    744.000    750.243     5.7674   3.390925     5.7690   3.391400     1.0243     0.9991    99.5859     0.0166     4.7106 4.8840e-02      0.055     8.4289      98.63      1.054          0          1     82.372     81.755         23    34.3444    27.0718     5.7021    34.3481    27.0746     5.7036 0.0000e+00
      62482    745.000    751.253     5.7560   3.389992     5.7577   3.390474     1.0237     0.9986    99.5859     0.0166     4.7106 4.8840e-02      0.055     8.4275      98.63      1.059          0          1     82.375     81.718         23    34.3449    27.0736     5.6906    34.3486    27.0763     5.6923 0.0000e+00
      62505    746.000    752.264     5.7515   3.389646     5.7535   3.390164     1.0234     0.9979    99.5859     0.0166     4.7106 4.8840e-02      0.055     8.4385      98.63      1.068          0          1     82.463     81.636         23    34.3450    27.0743     5.6861    34.3489    27.0771     5.6880 0.0000e+00
      62528    747.000    753.274     5.7441   3.389026     5.7459   3.389517     1.0230     0.9977    99.5944     0.0163     4.7110 4.8840e-02      0.055     8.4907      98.63      1.053          0          1     82.187     81.684         24    34.3450    27.0752     5.6786    34.3488    27.0779     5.6804 0.0000e+00
      62553    748.000    754.284     5.7334   3.388129     5.7347   3.388579     1.0220     0.9970    99.6117     0.0156     4.7118 4.8840e-02      0.055     8.5079      98.63      1.008          0          1     81.956     81.448         25    34.3453    27.0767     5.6679    34.3490    27.0795     5.6692 0.0000e+00
      62578    749.000    755.294     5.7145   3.386551     5.7161   3.387009     1.0211     0.9961    99.6118     0.0156     4.7118 4.8840e-02      0.049     8.5207      98.63      0.959          0          1     82.110     81.281         25    34.3461    27.0797     5.6490    34.3496    27.0823     5.6506 0.0000e+00
      62603    750.000    756.304     5.7035   3.385655     5.7052   3.386125     1.0207     0.9954    99.6118     0.0156     4.7118 4.9036e-02      0.051     8.5536      98.63      0.963          0          1     81.995     81.260         25    34.3466    27.0814     5.6380    34.3502    27.0841     5.6396 0.0000e+00
      62627    751.000    757.314     5.6950   3.384964     5.6969   3.385458     1.0198     0.9944    99.6118     0.0156     4.7118 4.8843e-02      0.051     8.5844      98.63      1.004          0          1     81.798     81.025         23    34.3469    27.0827     5.6294    34.3506    27.0854     5.6313 0.0000e+00
      62649    752.000    758.325     5.6901   3.384580     5.6921   3.385095     1.0191     0.9935    99.6118     0.0156     4.7118 4.8840e-02      0.051     8.6007      98.63      1.050          0          1     81.726     80.997         22    34.3470    27.0834     5.6244    34.3508    27.0862     5.6264 0.0000e+00
      62672    753.000    759.335     5.6879   3.384437     5.6897   3.384945     1.0186     0.9928    99.5983     0.0161     4.7112 4.8840e-02      0.055     8.6066      98.63      1.069          0          1     81.899     80.877         23    34.3471    27.0838     5.6222    34.3511    27.0867     5.6240 0.0000e+00
      62694    754.000    760.346     5.6836   3.384116     5.6851   3.384577     1.0184     0.9920    99.6116     0.0156     4.7118 4.8840e-02      0.054     8.6161      98.63      1.085          0          1     81.707     80.888         22    34.3474    27.0845     5.6178    34.3511    27.0873     5.6193 0.0000e+00
