CTDdata/C06M001.cnv
* Sea-Bird SBE 9 Data File:
* FileName = C:\MR1703C\CTDdata\C06M001.hdr
* Software Version Seasave V 7.23.2
* Temperature SN = 031464
* Conductivity SN = 041203
* Number of Bytes Per Scan = 41
* Number of Voltage Words = 4
* Number of Scans Averaged by the Deck Unit = 1
* NMEA Latitude = 26 19.95 N
* NMEA Longitude = 125 39.96 E
* NMEA UTC (Time) = May 31 2017 23:19:28
* NMEA baud rate = 4800
** Cruise: MR17-03C
** Station: C06
** Bottom Depth [m]: 1943.0
** Operator: R.Kobayashi
# nquan = 29                                
# nvalues = 3847                        
# units = specified
# name 0 = scan: Scan Count
# name 1 = depSM: Depth [salt water, m]
# name 2 = prDM: Pressure, Digiquartz [db]
# name 3 = t090C: Temperature [ITS-90, deg C]
# name 4 = c0S/m: Conductivity [S/m]
# name 5 = t190C: Temperature, 2 [ITS-90, deg C]
# name 6 = c1S/m: Conductivity, 2 [S/m]
# name 7 = sbeox0V: Oxygen raw, SBE 43 [V]
# name 8 = sbeox1V: Oxygen raw, SBE 43, 2 [V]
# name 9 = CStarTr0: Beam Transmission, WET Labs C-Star [%]
# name 10 = CStarAt0: Beam Attenuation, WET Labs C-Star [1/m]
# name 11 = v4: Voltage 4
# name 12 = flSP: Fluorescence, Seapoint
# name 13 = seaTurbMtr: Turbidity, Seapoint [FTU]
# name 14 = wetCDOM: Fluorescence, WET Labs CDOM [mg/m^3]
# name 15 = altM: Altimeter [m]
# name 16 = dz/dtM: Descent Rate [m/s]
# name 17 = modError: Modulo Error Count
# name 18 = pumps: Pump Status
# name 19 = sbeox0Mm/Kg: Oxygen, SBE 43 [umol/kg], WS = 2
# name 20 = sbeox1Mm/Kg: Oxygen, SBE 43, 2 [umol/kg], WS = 2
# name 21 = nbin: number of scans per bin
# name 22 = sal00: Salinity, Practical [PSU]
# name 23 = sigma-é00: Density [sigma-theta, kg/m^3]
# name 24 = potemp090C: Potential Temperature [ITS-90, deg C]
# name 25 = sal11: Salinity, Practical, 2 [PSU]
# name 26 = sigma-é11: Density, 2 [sigma-theta, kg/m^3]
# name 27 = potemp190C: Potential Temperature, 2 [ITS-90, deg C]
# name 28 = flag: flag
# span 0 =      44430,     191822       
# span 1 =      1.000,   1926.000       
# span 2 =      1.006,   1947.683       
# span 3 =     3.7211,    26.5980       
# span 4 =   3.260554,   5.433207       
# span 5 =     3.7216,    26.5988       
# span 6 =   3.260718,   5.433617       
# span 7 =     0.8607,     2.5932       
# span 8 =     0.8394,     2.5322       
# span 9 =    97.9920,    99.9477       
# span 10 =     0.0021,     0.0814      
# span 11 =     4.6352,     4.7277      
# span 12 = 3.8551e-02, 5.9312e-01      
# span 13 =      0.020,      0.106      
# span 14 =     0.6474,    70.6536      
# span 15 =       7.17,     106.17      
# span 16 =     -1.356,      1.418      
# span 17 =          0,          0      
# span 18 =          1,          1      
# span 19 =     68.548,    203.593      
# span 20 =     68.495,    227.396      
# span 21 =         17,        210      
# span 22 =    34.2435,    35.0164      
# span 23 =    22.6046,    27.3998      
# span 24 =     3.5653,    26.5969      
# span 25 =    34.2434,    35.0170      
# span 26 =    22.6050,    27.4008      
# span 27 =     3.5661,    26.5976      
# span 28 = 0.0000e+00, 0.0000e+00      
# interval = meters: 1                  
# start_time = May 31 2017 23:19:28 [NMEA time, header]
# bad_flag = -9.990e-29
*END*
[from data line 2401]
     119550   1446.000   1460.602     3.8743   3.261391     3.8746   3.261549     0.8847     0.8649    99.8442     0.0062     4.7228 4.9283e-02      0.031     9.7315      98.63     -0.844          0          1     69.443     69.900         27    34.4458    27.3697     3.7603    34.4473    27.3709     3.7606 0.0000e+00
     119576   1445.000   1459.588     3.8746   3.261379     3.8750   3.261533     0.8847     0.8651    99.8442     0.0062     4.7228 4.8834e-02      0.031     9.7331      98.63     -0.903          0          1     69.351     69.988         25    34.4458    27.3697     3.7607    34.4472    27.3708     3.7611 0.0000e+00
     119601   1444.000   1458.574     3.8749   3.261360     3.8754   3.261531     0.8845     0.8652    99.8442     0.0062     4.7228 4.9402e-02      0.031     9.7549      98.63     -0.961          0          1     69.329     69.969         26    34.4458    27.3697     3.7611    34.4473    27.3708     3.7616 0.0000e+00
     119628   1443.000   1457.561     3.8752   3.261338     3.8756   3.261496     0.8847     0.8654    99.8442     0.0062     4.7228 5.0044e-02      0.031     9.7599      98.63     -0.941          0          1     69.514     69.841         29    34.4457    27.3696     3.7615    34.4471    27.3707     3.7619 0.0000e+00
     119660   1442.000   1456.547     3.8762   3.261387     3.8764   3.261535     0.8849     0.8651    99.8442     0.0062     4.7228 4.9397e-02      0.031     9.7102      98.63     -0.806          0          1     69.485     69.869         33    34.4457    27.3695     3.7626    34.4473    27.3707     3.7628 0.0000e+00
     119692   1441.000   1455.534     3.8769   3.261397     3.8772   3.261553     0.8849     0.8652    99.8442     0.0062     4.7228 4.9285e-02      0.031     9.6775      98.63     -0.734          0          1     69.415     69.853         30    34.4456    27.3693     3.7633    34.4471    27.3705     3.7636 0.0000e+00
     119720   1440.000   1454.520     3.8774   3.261393     3.8776   3.261542     0.8850     0.8653    99.8442     0.0062     4.7228 4.8842e-02      0.031     9.7097      98.63     -0.835          0          1     69.430     69.948         27    34.4456    27.3692     3.7639    34.4471    27.3704     3.7641 0.0000e+00
     119746   1439.000   1453.507     3.8776   3.261369     3.8781   3.261540     0.8848     0.8654    99.8442     0.0062     4.7228 4.8840e-02      0.031     9.7119      98.63     -0.920          0          1     69.298     69.865         26    34.4456    27.3692     3.7642    34.4470    27.3703     3.7647 0.0000e+00
     119774   1438.000   1452.493     3.8776   3.261328     3.8781   3.261490     0.8850     0.8654    99.8442     0.0062     4.7228 4.8840e-02      0.031     9.6826      98.63     -0.897          0          1     69.392     69.858         29    34.4456    27.3692     3.7643    34.4470    27.3702     3.7648 0.0000e+00
     119804   1437.000   1451.480     3.8778   3.261297     3.8782   3.261454     0.8849     0.8654    99.8442     0.0062     4.7228 4.8840e-02      0.030     9.6712      98.63     -0.829          0          1     69.336     69.849         30    34.4455    27.3691     3.7646    34.4469    27.3702     3.7650 0.0000e+00
     119833   1436.000   1450.466     3.8778   3.261248     3.8782   3.261422     0.8849     0.8654    99.8442     0.0062     4.7228 4.8840e-02      0.024     9.7044      98.63     -0.827          0          1     69.350     69.762         28    34.4454    27.3690     3.7647    34.4470    27.3703     3.7651 0.0000e+00
     119861   1435.000   1449.453     3.8776   3.261198     3.8782   3.261364     0.8849     0.8653    99.8442     0.0062     4.7228 4.8840e-02      0.030     9.7405      98.63     -0.856          0          1     69.396     69.826         29    34.4455    27.3691     3.7646    34.4468    27.3701     3.7652 0.0000e+00
     119890   1434.000   1448.439     3.8776   3.261154     3.8782   3.261325     0.8852     0.8654    99.8442     0.0062     4.7228 4.9490e-02      0.034     9.7248      98.63     -0.842          0          1     69.443     69.849         30    34.4455    27.3691     3.7647    34.4469    27.3701     3.7653 0.0000e+00
     119921   1433.000   1447.426     3.8781   3.261142     3.8785   3.261308     0.8851     0.8654    99.8442     0.0062     4.7228 5.0065e-02      0.031     9.7169      98.63     -0.798          0          1     69.330     69.811         31    34.4453    27.3689     3.7652    34.4469    27.3701     3.7656 0.0000e+00
     119951   1432.000   1446.412     3.8783   3.261125     3.8788   3.261290     0.8849     0.8654    99.8442     0.0062     4.7228 5.0061e-02      0.031     9.7155      98.63     -0.800          0          1     69.226     69.802         29    34.4454    27.3689     3.7655    34.4468    27.3700     3.7660 0.0000e+00
     119979   1431.000   1445.398     3.8785   3.261092     3.8788   3.261257     0.8850     0.8654    99.8442     0.0062     4.7228 5.0061e-02      0.031     9.6984      98.63     -0.848          0          1     69.472     69.792         28    34.4453    27.3688     3.7658    34.4469    27.3701     3.7661 0.0000e+00
     120009   1430.000   1444.385     3.8785   3.261053     3.8789   3.261218     0.8853     0.8654    99.8442     0.0062     4.7228 5.0061e-02      0.031     9.7023      98.63     -0.849          0          1     69.391     69.836         31    34.4454    27.3688     3.7659    34.4469    27.3700     3.7663 0.0000e+00
     120041   1429.000   1443.371     3.8786   3.261013     3.8790   3.261173     0.8853     0.8657    99.8442     0.0062     4.7228 5.0061e-02      0.031     9.7256      98.63     -0.780          0          1     69.320     69.908         33    34.4453    27.3687     3.7661    34.4467    27.3699     3.7665 0.0000e+00
     120075   1428.000   1442.358     3.8786   3.260962     3.8790   3.261130     0.8852     0.8656    99.8442     0.0062     4.7228 4.9360e-02      0.030     9.6975      98.63     -0.717          0          1     69.371     69.829         36    34.4452    27.3687     3.7662    34.4467    27.3699     3.7666 0.0000e+00
     120112   1427.000   1441.344     3.8786   3.260927     3.8791   3.261088     0.8852     0.8658    99.8442     0.0062     4.7228 4.9544e-02      0.029     9.6844      98.63     -0.665          0          1     69.308     69.828         38    34.4452    27.3687     3.7663    34.4466    27.3698     3.7668 0.0000e+00
     120151   1426.000   1440.331     3.8787   3.260895     3.8791   3.261054     0.8852     0.8658    99.8504     0.0060     4.7231 4.9319e-02      0.031     9.7183      98.63     -0.621          0          1     69.294     69.831         41    34.4453    27.3687     3.7665    34.4467    27.3698     3.7669 0.0000e+00
     120194   1425.000   1439.317     3.8787   3.260845     3.8791   3.261005     0.8853     0.8658    99.8466     0.0061     4.7229 4.8833e-02      0.031     9.7091      98.63     -0.569          0          1     69.360     69.803         42    34.4452    27.3686     3.7666    34.4466    27.3697     3.7670 0.0000e+00
     120235   1424.000   1438.304     3.8785   3.260792     3.8790   3.260966     0.8853     0.8657    99.8442     0.0062     4.7228 4.9578e-02      0.031     9.6236      98.63     -0.599          0          1     69.319     69.784         41    34.4452    27.3687     3.7665    34.4468    27.3699     3.7669 0.0000e+00
     120282   1423.000   1437.290     3.8784   3.260739     3.8789   3.260913     0.8854     0.8657    99.8586     0.0056     4.7235 4.8947e-02      0.029     9.6237      98.63     -0.514          0          1     69.385     69.739         57    34.4452    27.3687     3.7664    34.4467    27.3698     3.7669 0.0000e+00
     120338   1422.000   1436.277     3.8786   3.260707     3.8789   3.260861     0.8855     0.8656    99.8675     0.0053     4.7240 4.9886e-02      0.027     9.6662      98.63     -0.425          0          1     69.340     69.813         46    34.4451    27.3686     3.7667    34.4466    27.3697     3.7670 0.0000e+00
     120375   1421.000   1435.263     3.8785   3.260666     3.8790   3.260831     0.8856     0.8658    99.8445     0.0062     4.7228 5.0058e-02      0.031     9.6728      98.63     -0.621          0          1     69.323     69.682         35    34.4452    27.3687     3.7667    34.4467    27.3697     3.7672 0.0000e+00
     120413   1420.000   1434.250     3.8788   3.260641     3.8792   3.260805     0.8857     0.8656    99.8655     0.0054     4.7239 5.0061e-02      0.031     9.6436      98.63     -0.660          0          1     69.355     69.741         42    34.4451    27.3685     3.7671    34.4467    27.3697     3.7675 0.0000e+00
     120462   1419.000   1433.236     3.8792   3.260629     3.8797   3.260792     0.8857     0.8657    99.8701     0.0052     4.7241 4.9370e-02      0.031     9.6727      98.63     -0.488          0          1     69.385     69.740         52    34.4451    27.3684     3.7676    34.4465    27.3695     3.7681 0.0000e+00
     120511   1418.000   1432.223     3.8789   3.260564     3.8793   3.260721     0.8857     0.8658    99.8700     0.0052     4.7241 4.8867e-02      0.028     9.6799      98.63     -0.499          0          1     69.250     69.822         48    34.4451    27.3685     3.7674    34.4465    27.3696     3.7678 0.0000e+00
     120564   1417.000   1431.209     3.8800   3.260605     3.8804   3.260774     0.8856     0.8657    99.8628     0.0055     4.7237 4.8840e-02      0.030     9.6859      98.63     -0.459          0          1     69.276     69.624         57    34.4450    27.3682     3.7686    34.4465    27.3695     3.7690 0.0000e+00
     120620   1416.000   1430.196     3.8815   3.260685     3.8819   3.260841     0.8856     0.8659    99.8637     0.0054     4.7238 4.9348e-02      0.029     9.6885      98.63     -0.434          0          1     69.350     69.793         57    34.4448    27.3680     3.7701    34.4463    27.3691     3.7705 0.0000e+00
     120678   1415.000   1429.182     3.8823   3.260706     3.8823   3.260835     0.8856     0.8657    99.8437     0.0062     4.7228 4.8828e-02      0.028     9.6453      69.13     -0.414          0          1     69.253     69.694         55    34.4447    27.3678     3.7710    34.4463    27.3690     3.7710 0.0000e+00
     120728   1414.000   1428.169     3.8830   3.260728     3.8834   3.260881     0.8856     0.8659    99.8482     0.0060     4.7230 4.8840e-02      0.031     9.5893      97.81     -0.496          0          1     69.267     69.787         50    34.4448    27.3678     3.7718    34.4462    27.3688     3.7722 0.0000e+00
     120794   1413.000   1427.156     3.8842   3.260789     3.8846   3.260944     0.8857     0.8659    99.8554     0.0058     4.7234 4.8840e-02      0.028     9.6198      98.63     -0.339          0          1     69.282     69.710         75    34.4447    27.3676     3.7731    34.4461    27.3687     3.7735 0.0000e+00
     120852   1412.000   1426.142     3.8840   3.260715     3.8844   3.260884     0.8856     0.8661    99.8441     0.0062     4.7228 4.9140e-02      0.031     9.5863      98.63     -0.455          0          1     69.298     69.752         45    34.4446    27.3675     3.7730    34.4461    27.3687     3.7734 0.0000e+00
     120899   1411.000   1425.129     3.8852   3.260781     3.8858   3.260953     0.8859     0.8660    99.8665     0.0053     4.7239 4.9738e-02      0.031     9.5472      98.63     -0.521          0          1     69.303     69.693         51    34.4446    27.3674     3.7742    34.4460    27.3684     3.7748 0.0000e+00
     120956   1410.000   1424.115     3.8866   3.260850     3.8870   3.261008     0.8859     0.8660    99.8699     0.0052     4.7241 4.8869e-02      0.027     9.6310      98.63     -0.422          0          1     69.305     69.679         65    34.4444    27.3671     3.7757    34.4459    27.3682     3.7761 0.0000e+00
     121031   1409.000   1423.102     3.8862   3.260775     3.8870   3.260956     0.8859     0.8660    99.8603     0.0056     4.7236 4.8875e-02      0.027     9.7278      98.63     -0.304          0          1     69.293     69.719         73    34.4445    27.3672     3.7754    34.4458    27.3681     3.7762 0.0000e+00
     121090   1408.000   1422.088     3.8858   3.260687     3.8862   3.260854     0.8859     0.8660    99.8700     0.0052     4.7241 4.9764e-02      0.029     9.7838      98.63     -0.430          0          1     69.254     69.640         54    34.4444    27.3671     3.7751    34.4459    27.3683     3.7755 0.0000e+00
     121149   1407.000   1421.075     3.8866   3.260714     3.8869   3.260875     0.8861     0.8663    99.8689     0.0052     4.7240 4.9406e-02      0.031     9.7973      98.46     -0.411          0          1     69.260     69.834         66    34.4443    27.3670     3.7760    34.4459    27.3682     3.7763 0.0000e+00
     121218   1406.000   1420.062     3.8869   3.260695     3.8872   3.260851     0.8862     0.8664    99.8604     0.0056     4.7236 5.0090e-02      0.026     9.8235      98.64     -0.336          0          1     69.305     69.699         64    34.4443    27.3669     3.7764    34.4458    27.3681     3.7767 0.0000e+00
     121296   1405.000   1419.048     3.8868   3.260652     3.8875   3.260832     0.8862     0.8665    99.8627     0.0055     4.7237 4.9276e-02      0.029     9.8144      98.63     -0.319          0          1     69.301     69.803         79    34.4444    27.3670     3.7764    34.4458    27.3680     3.7771 0.0000e+00
     121400   1404.000   1418.035     3.8874   3.260660     3.8885   3.260870     0.8862     0.8667    99.8498     0.0060     4.7231 4.9845e-02      0.031     9.6979      98.63     -0.417          0          1     69.302     69.733         49    34.4444    27.3669     3.7771    34.4457    27.3679     3.7781 0.0000e+00
     121481   1403.000   1417.021     3.8878   3.260650     3.8886   3.260850     0.8863     0.8665    99.8604     0.0056     4.7236 4.9249e-02      0.027     9.6687      98.63     -0.271          0          1     69.313     69.708        109    34.4443    27.3668     3.7775    34.4458    27.3680     3.7783 0.0000e+00
     121601   1402.000   1416.008     3.8893   3.260743     3.8900   3.260921     0.8865     0.8667    99.8562     0.0057     4.7234 4.9500e-02      0.030     9.6974      98.63     -0.191          0          1     69.323     69.744        146    34.4443    27.3667     3.7791    34.4457    27.3677     3.7798 0.0000e+00
     121726   1401.000   1414.995     3.8894   3.260687     3.8904   3.260904     0.8866     0.8667    99.8453     0.0062     4.7229 5.0024e-02      0.031     9.7576      98.63     -0.253          0          1     69.302     69.732         73    34.4441    27.3665     3.7793    34.4456    27.3676     3.7803 0.0000e+00
     122222   1400.000   1413.981     3.8903   3.260724     3.8910   3.260910     0.8867     0.8667    99.8631     0.0055     4.7238 4.9682e-02      0.031     9.7372      98.63     -0.394          0          1     69.403     69.733         77    34.4441    27.3664     3.7803    34.4455    27.3675     3.7810 0.0000e+00
     123577   1399.000   1412.968     3.8928   3.260880     3.8932   3.261051     0.8869     0.8668    99.8653     0.0054     4.7239 4.8846e-02      0.031     9.6393      98.63     -0.664          0          1     69.324     69.817         33    34.4438    27.3659     3.7828    34.4454    27.3671     3.7832 0.0000e+00
     123619   1398.000   1411.954     3.8939   3.260958     3.8944   3.261127     0.8870     0.8667    99.8447     0.0062     4.7228 4.8840e-02      0.031     9.6564      98.63     -0.739          0          1     69.431     69.733         34    34.4441    27.3660     3.7840    34.4456    27.3671     3.7845 0.0000e+00
