CTDdata/C06M001.cnv
* Sea-Bird SBE 9 Data File:
* FileName = C:\MR1703C\CTDdata\C06M001.hdr
* Software Version Seasave V 7.23.2
* Temperature SN = 031464
* Conductivity SN = 041203
* Number of Bytes Per Scan = 41
* Number of Voltage Words = 4
* Number of Scans Averaged by the Deck Unit = 1
* NMEA Latitude = 26 19.95 N
* NMEA Longitude = 125 39.96 E
* NMEA UTC (Time) = May 31 2017 23:19:28
* NMEA baud rate = 4800
** Cruise: MR17-03C
** Station: C06
** Bottom Depth [m]: 1943.0
** Operator: R.Kobayashi
# nquan = 29                                
# nvalues = 3847                        
# units = specified
# name 0 = scan: Scan Count
# name 1 = depSM: Depth [salt water, m]
# name 2 = prDM: Pressure, Digiquartz [db]
# name 3 = t090C: Temperature [ITS-90, deg C]
# name 4 = c0S/m: Conductivity [S/m]
# name 5 = t190C: Temperature, 2 [ITS-90, deg C]
# name 6 = c1S/m: Conductivity, 2 [S/m]
# name 7 = sbeox0V: Oxygen raw, SBE 43 [V]
# name 8 = sbeox1V: Oxygen raw, SBE 43, 2 [V]
# name 9 = CStarTr0: Beam Transmission, WET Labs C-Star [%]
# name 10 = CStarAt0: Beam Attenuation, WET Labs C-Star [1/m]
# name 11 = v4: Voltage 4
# name 12 = flSP: Fluorescence, Seapoint
# name 13 = seaTurbMtr: Turbidity, Seapoint [FTU]
# name 14 = wetCDOM: Fluorescence, WET Labs CDOM [mg/m^3]
# name 15 = altM: Altimeter [m]
# name 16 = dz/dtM: Descent Rate [m/s]
# name 17 = modError: Modulo Error Count
# name 18 = pumps: Pump Status
# name 19 = sbeox0Mm/Kg: Oxygen, SBE 43 [umol/kg], WS = 2
# name 20 = sbeox1Mm/Kg: Oxygen, SBE 43, 2 [umol/kg], WS = 2
# name 21 = nbin: number of scans per bin
# name 22 = sal00: Salinity, Practical [PSU]
# name 23 = sigma-é00: Density [sigma-theta, kg/m^3]
# name 24 = potemp090C: Potential Temperature [ITS-90, deg C]
# name 25 = sal11: Salinity, Practical, 2 [PSU]
# name 26 = sigma-é11: Density, 2 [sigma-theta, kg/m^3]
# name 27 = potemp190C: Potential Temperature, 2 [ITS-90, deg C]
# name 28 = flag: flag
# span 0 =      44430,     191822       
# span 1 =      1.000,   1926.000       
# span 2 =      1.006,   1947.683       
# span 3 =     3.7211,    26.5980       
# span 4 =   3.260554,   5.433207       
# span 5 =     3.7216,    26.5988       
# span 6 =   3.260718,   5.433617       
# span 7 =     0.8607,     2.5932       
# span 8 =     0.8394,     2.5322       
# span 9 =    97.9920,    99.9477       
# span 10 =     0.0021,     0.0814      
# span 11 =     4.6352,     4.7277      
# span 12 = 3.8551e-02, 5.9312e-01      
# span 13 =      0.020,      0.106      
# span 14 =     0.6474,    70.6536      
# span 15 =       7.17,     106.17      
# span 16 =     -1.356,      1.418      
# span 17 =          0,          0      
# span 18 =          1,          1      
# span 19 =     68.548,    203.593      
# span 20 =     68.495,    227.396      
# span 21 =         17,        210      
# span 22 =    34.2435,    35.0164      
# span 23 =    22.6046,    27.3998      
# span 24 =     3.5653,    26.5969      
# span 25 =    34.2434,    35.0170      
# span 26 =    22.6050,    27.4008      
# span 27 =     3.5661,    26.5976      
# span 28 = 0.0000e+00, 0.0000e+00      
# interval = meters: 1                  
# start_time = May 31 2017 23:19:28 [NMEA time, header]
# bad_flag = -9.990e-29
*END*
[from data line 651]
      60397    656.000    661.364     6.5942   3.460388     6.5950   3.460811     1.1111     1.0843    99.4179     0.0234     4.7027 4.7619e-02      0.073     8.0407      98.63      0.874          0          1     92.488     91.615         28    34.3320    26.9557     6.5329    34.3359    26.9587     6.5337 0.0000e+00
      60422    657.000    662.373     6.5922   3.460289     6.5937   3.460795     1.1081     1.0823    99.4052     0.0239     4.7021 4.7619e-02      0.069     8.0311      98.63      0.902          0          1     92.316     91.543         24    34.3324    26.9563     6.5308    34.3365    26.9594     6.5323 0.0000e+00
      60445    658.000    663.383     6.5918   3.460311     6.5940   3.460889     1.1070     1.0809    99.4052     0.0239     4.7021 4.7619e-02      0.067     8.0696      98.63      1.015          0          1     92.565     91.462         21    34.3326    26.9565     6.5303    34.3368    26.9595     6.5325 0.0000e+00
      60466    659.000    664.393     6.5906   3.460268     6.5921   3.460769     1.1066     1.0796    99.4052     0.0239     4.7021 4.7619e-02      0.067     8.1475      98.63      1.104          0          1     92.530     91.478         22    34.3328    26.9569     6.5290    34.3369    26.9599     6.5305 0.0000e+00
      60489    660.000    665.403     6.5823   3.459593     6.5840   3.460111     1.1052     1.0790    99.4052     0.0239     4.7021 4.7619e-02      0.069     8.1871      98.63      1.108          0          1     92.054     91.408         24    34.3332    26.9583     6.5206    34.3372    26.9612     6.5223 0.0000e+00
      60514    661.000    666.412     6.5683   3.458421     6.5697   3.458913     1.1041     1.0779    99.4052     0.0239     4.7021 4.7249e-02      0.073     8.2007      98.63      1.016          0          1     92.220     91.276         26    34.3337    26.9605     6.5066    34.3377    26.9635     6.5080 0.0000e+00
      60540    662.000    667.422     6.5624   3.457983     6.5641   3.458503     1.1032     1.0768    99.4052     0.0239     4.7021 4.6395e-02      0.073     8.1910      98.63      0.936          0          1     92.156     91.114         25    34.3343    26.9618     6.5006    34.3383    26.9647     6.5023 0.0000e+00
      60564    663.000    668.432     6.5488   3.456774     6.5485   3.457125     1.1028     1.0759    99.4052     0.0239     4.7021 4.7363e-02      0.069     8.1863      98.63      0.962          0          1     91.880     90.948         23    34.3340    26.9634     6.4870    34.3382    26.9667     6.4867 0.0000e+00
      60586    664.000    669.442     6.5164   3.454076     6.5180   3.454597     1.1009     1.0744    99.4052     0.0239     4.7021 4.7617e-02      0.067     8.1743      98.63      1.047          0          1     91.482     90.786         22    34.3360    26.9692     6.4547    34.3402    26.9723     6.4563 0.0000e+00
      60607    665.000    670.452     6.5129   3.453815     6.5147   3.454339     1.0996     1.0737    99.4052     0.0239     4.7021 4.7619e-02      0.070     8.1885      98.63      1.119          0          1     91.611     90.705         21    34.3361    26.9698     6.4511    34.3401    26.9727     6.4529 0.0000e+00
      60629    666.000    671.462     6.5082   3.453425     6.5101   3.453976     1.0991     1.0725    99.4052     0.0239     4.7021 4.7619e-02      0.075     8.1865      98.63      1.141          0          1     91.721     90.640         22    34.3360    26.9703     6.4463    34.3402    26.9734     6.4482 0.0000e+00
      60652    667.000    672.472     6.5044   3.453167     6.5060   3.453684     1.0983     1.0716    99.4052     0.0239     4.7021 4.7619e-02      0.074     8.1702      98.63      1.097          0          1     91.310     90.464         23    34.3365    26.9712     6.4424    34.3406    26.9743     6.4440 0.0000e+00
      60676    668.000    673.481     6.5032   3.453102     6.5052   3.453656     1.0969     1.0705    99.4052     0.0239     4.7021 4.7078e-02      0.073     8.1773      98.63      1.027          0          1     91.294     90.363         25    34.3365    26.9714     6.4412    34.3406    26.9744     6.4431 0.0000e+00
      60701    669.000    674.491     6.4946   3.452386     6.4976   3.453008     1.0961     1.0697    99.4052     0.0239     4.7021 4.6493e-02      0.073     8.1592      98.63      0.985          0          1     91.244     90.393         24    34.3367    26.9727     6.4325    34.3406    26.9753     6.4355 0.0000e+00
      60724    670.000    675.501     6.4885   3.451881     6.4902   3.452407     1.0957     1.0691    99.4052     0.0239     4.7021 4.7618e-02      0.073     8.1790      98.63      1.002          0          1     91.213     90.332         24    34.3367    26.9735     6.4263    34.3408    26.9765     6.4280 0.0000e+00
      60748    671.000    676.511     6.4725   3.450517     6.4735   3.450971     1.0943     1.0682    99.4052     0.0239     4.7021 4.7619e-02      0.067     8.1892      98.63      1.037          0          1     90.724     90.117         23    34.3371    26.9759     6.4103    34.3411    26.9790     6.4113 0.0000e+00
      60771    672.000    677.521     6.4593   3.449414     6.4604   3.449892     1.0932     1.0673    99.4052     0.0239     4.7021 4.7619e-02      0.067     8.1737      98.63      1.053          0          1     90.856     90.091         23    34.3376    26.9780     6.3971    34.3418    26.9812     6.3982 0.0000e+00
      60794    673.000    678.531     6.4429   3.447986     6.4429   3.448347     1.0922     1.0666    99.4052     0.0239     4.7021 4.6514e-02      0.069     8.1670      98.63      1.042          0          1     90.837     89.874         24    34.3377    26.9803     6.3807    34.3417    26.9834     6.3807 0.0000e+00
      60819    674.000    679.540     6.4208   3.446137     6.4224   3.446640     1.0919     1.0653    99.4052     0.0239     4.7021 4.6397e-02      0.072     8.1374      98.63      1.007          0          1     90.790     89.653         24    34.3388    26.9840     6.3586    34.3428    26.9870     6.3602 0.0000e+00
      60843    675.000    680.550     6.4173   3.445851     6.4189   3.446356     1.0902     1.0637    99.4052     0.0239     4.7021 4.7593e-02      0.069     8.0690      98.63      0.989          0          1     90.030     89.415         24    34.3386    26.9844     6.3550    34.3426    26.9873     6.3566 0.0000e+00
      60866    676.000    681.560     6.3922   3.443660     6.3934   3.444133     1.0884     1.0627    99.4052     0.0239     4.7021 4.7620e-02      0.069     8.0634      98.63      1.011          0          1     90.205     89.507         23    34.3390    26.9879     6.3299    34.3430    26.9909     6.3311 0.0000e+00
      60889    677.000    682.570     6.3741   3.442131     6.3759   3.442643     1.0876     1.0617    99.4052     0.0239     4.7021 4.7619e-02      0.073     8.1153      98.63      1.046          0          1     90.247     89.248         23    34.3396    26.9908     6.3118    34.3435    26.9936     6.3136 0.0000e+00
      60912    678.000    683.580     6.3705   3.441871     6.3719   3.442379     1.0869     1.0604    99.4052     0.0239     4.7021 4.7619e-02      0.073     8.1386      98.63      1.056          0          1     90.095     89.091         24    34.3399    26.9914     6.3082    34.3441    26.9946     6.3095 0.0000e+00
      60936    679.000    684.590     6.3648   3.441332     6.3662   3.441800     1.0855     1.0591    99.4052     0.0239     4.7021 4.7619e-02      0.073     8.1466      98.63      1.046          0          1     89.545     88.878         23    34.3391    26.9916     6.3024    34.3429    26.9944     6.3038 0.0000e+00
      60959    680.000    685.600     6.3302   3.438194     6.3311   3.438627     1.0835     1.0580    99.4052     0.0239     4.7021 4.7619e-02      0.070     8.1753      98.63      1.049          0          1     89.525     88.921         23    34.3384    26.9955     6.2679    34.3423    26.9985     6.2688 0.0000e+00
      60982    681.000    686.610     6.3236   3.437675     6.3255   3.438194     1.0826     1.0570    99.4272     0.0230     4.7031 4.7619e-02      0.067     8.1470      98.63      1.057          0          1     89.598     88.586         23    34.3388    26.9967     6.2612    34.3426    26.9995     6.2631 0.0000e+00
      61005    682.000    687.620     6.3132   3.436734     6.3146   3.437215     1.0819     1.0553    99.4565     0.0218     4.7045 4.8525e-02      0.067     8.1201      98.63      1.045          0          1     89.456     88.469         24    34.3382    26.9976     6.2508    34.3422    27.0005     6.2522 0.0000e+00
      61030    683.000    688.630     6.3004   3.435627     6.3020   3.436120     1.0802     1.0545    99.4568     0.0218     4.7045 4.8842e-02      0.067     8.1259      98.63      0.997          0          1     88.878     88.428         25    34.3383    26.9993     6.2379    34.3421    27.0022     6.2395 0.0000e+00
      61055    684.000    689.639     6.2893   3.434633     6.2917   3.435204     1.0783     1.0531    99.4673     0.0214     4.7050 4.7648e-02      0.067     8.1435      98.63      0.959          0          1     88.886     88.284         25    34.3378    27.0004     6.2268    34.3418    27.0032     6.2292 0.0000e+00
      61079    685.000    690.649     6.2835   3.434143     6.2842   3.434573     1.0774     1.0521    99.4826     0.0207     4.7057 4.8045e-02      0.067     8.1375      98.63      0.986          0          1     89.075     88.047         23    34.3377    27.0011     6.2209    34.3418    27.0042     6.2216 0.0000e+00
      61101    686.000    691.659     6.2755   3.433403     6.2780   3.434016     1.0772     1.0509    99.4826     0.0207     4.7057 4.7624e-02      0.067     8.1412      98.63      1.065          0          1     89.043     87.890         21    34.3370    27.0016     6.2129    34.3413    27.0046     6.2154 0.0000e+00
      61121    687.000    692.669     6.2732   3.433246     6.2740   3.433682     1.0763     1.0499    99.4826     0.0207     4.7057 4.7619e-02      0.067     8.1559      98.63      1.145          0          1     88.740     87.812         20    34.3371    27.0019     6.2105    34.3411    27.0050     6.2113 0.0000e+00
      61142    688.000    693.679     6.2637   3.432370     6.2643   3.432793     1.0755     1.0489    99.4826     0.0207     4.7057 4.7619e-02      0.064     8.2014      98.63      1.184          0          1     88.366     87.833         21    34.3364    27.0026     6.2010    34.3405    27.0058     6.2015 0.0000e+00
      61165    689.000    694.689     6.2497   3.431083     6.2513   3.431568     1.0736     1.0483    99.5001     0.0200     4.7066 4.7619e-02      0.061     8.2474      98.63      1.127          0          1     88.300     87.719         25    34.3356    27.0038     6.1869    34.3394    27.0066     6.1885 0.0000e+00
      61192    690.000    695.699     6.2267   3.428954     6.2284   3.429454     1.0726     1.0470    99.5084     0.0197     4.7070 4.7619e-02      0.061     8.2726      98.63      0.962          0          1     88.348     87.451         29    34.3345    27.0058     6.1640    34.3383    27.0087     6.1656 0.0000e+00
      61220    691.000    696.709     6.2011   3.426661     6.2027   3.427127     1.0713     1.0453    99.5104     0.0196     4.7071 4.7619e-02      0.061     8.3239      98.63      0.855          0          1     87.911     87.074         27    34.3341    27.0088     6.1384    34.3377    27.0115     6.1400 0.0000e+00
      61246    692.000    697.719     6.1634   3.423212     6.1653   3.423700     1.0694     1.0432    99.5430     0.0183     4.7086 4.7619e-02      0.061     8.3564      98.63      0.905          0          1     87.385     86.635         24    34.3330    27.0128     6.1008    34.3365    27.0153     6.1027 0.0000e+00
      61269    693.000    698.729     6.1414   3.421352     6.1429   3.421822     1.0663     1.0413    99.5533     0.0179     4.7091 4.7619e-02      0.060     8.3403      98.63      0.996          0          1     86.842     86.444         23    34.3339    27.0162     6.0788    34.3376    27.0190     6.0803 0.0000e+00
      61291    694.000    699.739     6.1276   3.420192     6.1292   3.420636     1.0644     1.0392    99.5343     0.0187     4.7082 4.8782e-02      0.058     8.3446      98.63      1.069          0          1     86.887     86.060         21    34.3343    27.0183     6.0650    34.3376    27.0208     6.0666 0.0000e+00
      61313    695.000    700.749     6.1240   3.419877     6.1260   3.420414     1.0628     1.0375    99.5578     0.0177     4.7093 4.8522e-02      0.056     8.3194      98.63      1.103          0          1     86.944     85.981         23    34.3339    27.0185     6.0613    34.3379    27.0214     6.0633 0.0000e+00
      61335    696.000    701.759     6.1213   3.419680     6.1232   3.420212     1.0620     1.0358    99.5601     0.0176     4.7094 4.8838e-02      0.055     8.3221      98.63      1.095          0          1     86.880     85.902         22    34.3339    27.0189     6.0585    34.3379    27.0218     6.0604 0.0000e+00
      61359    697.000    702.769     6.1158   3.419243     6.1175   3.419751     1.0608     1.0345    99.5601     0.0176     4.7094 4.8737e-02      0.055     8.3461      98.63      1.062          0          1     86.581     85.804         24    34.3341    27.0197     6.0530    34.3380    27.0226     6.0547 0.0000e+00
      61382    698.000    703.779     6.1077   3.418562     6.1091   3.419052     1.0591     1.0335    99.5601     0.0176     4.7094 4.8033e-02      0.055     8.3241      98.63      1.027          0          1     86.208     85.762         23    34.3341    27.0208     6.0448    34.3382    27.0238     6.0462 0.0000e+00
      61405    699.000    704.789     6.1026   3.418169     6.1044   3.418685     1.0575     1.0323    99.5601     0.0176     4.7094 4.7616e-02      0.055     8.3019      98.63      1.039          0          1     86.292     85.526         23    34.3344    27.0216     6.0397    34.3383    27.0245     6.0414 0.0000e+00
      61427    700.000    705.798     6.0991   3.417911     6.1010   3.418447     1.0569     1.0313    99.5601     0.0176     4.7094 4.7619e-02      0.056     8.2936      98.63      1.082          0          1     86.340     85.590         21    34.3345    27.0222     6.0361    34.3386    27.0252     6.0380 0.0000e+00
      61449    701.000    706.809     6.0847   3.416644     6.0860   3.417088     1.0563     1.0307    99.5601     0.0176     4.7094 4.8412e-02      0.061     8.2822      98.63      1.114          0          1     86.280     85.471         23    34.3343    27.0239     6.0217    34.3380    27.0266     6.0229 0.0000e+00
      61472    702.000    707.819     6.0670   3.415158     6.0684   3.415645     1.0554     1.0298    99.5601     0.0176     4.7094 4.8834e-02      0.058     8.2575      98.63      1.080          0          1     86.149     85.393         24    34.3350    27.0267     6.0040    34.3391    27.0297     6.0053 0.0000e+00
      61497    703.000    708.829     6.0520   3.413871     6.0533   3.414343     1.0544     1.0287    99.5601     0.0176     4.7094 4.8840e-02      0.055     8.2628      98.63      1.012          0          1     85.705     85.066         25    34.3352    27.0287     5.9889    34.3392    27.0317     5.9902 0.0000e+00
      61522    704.000    709.839     6.0414   3.412993     6.0430   3.413496     1.0525     1.0273    99.5601     0.0176     4.7094 4.8840e-02      0.055     8.2430      98.63      0.977          0          1     85.558     84.913         25    34.3356    27.0304     5.9783    34.3396    27.0333     5.9799 0.0000e+00
