CTDdata/C06M001.cnv
* Sea-Bird SBE 9 Data File:
* FileName = C:\MR1703C\CTDdata\C06M001.hdr
* Software Version Seasave V 7.23.2
* Temperature SN = 031464
* Conductivity SN = 041203
* Number of Bytes Per Scan = 41
* Number of Voltage Words = 4
* Number of Scans Averaged by the Deck Unit = 1
* NMEA Latitude = 26 19.95 N
* NMEA Longitude = 125 39.96 E
* NMEA UTC (Time) = May 31 2017 23:19:28
* NMEA baud rate = 4800
** Cruise: MR17-03C
** Station: C06
** Bottom Depth [m]: 1943.0
** Operator: R.Kobayashi
# nquan = 29                                
# nvalues = 3847                        
# units = specified
# name 0 = scan: Scan Count
# name 1 = depSM: Depth [salt water, m]
# name 2 = prDM: Pressure, Digiquartz [db]
# name 3 = t090C: Temperature [ITS-90, deg C]
# name 4 = c0S/m: Conductivity [S/m]
# name 5 = t190C: Temperature, 2 [ITS-90, deg C]
# name 6 = c1S/m: Conductivity, 2 [S/m]
# name 7 = sbeox0V: Oxygen raw, SBE 43 [V]
# name 8 = sbeox1V: Oxygen raw, SBE 43, 2 [V]
# name 9 = CStarTr0: Beam Transmission, WET Labs C-Star [%]
# name 10 = CStarAt0: Beam Attenuation, WET Labs C-Star [1/m]
# name 11 = v4: Voltage 4
# name 12 = flSP: Fluorescence, Seapoint
# name 13 = seaTurbMtr: Turbidity, Seapoint [FTU]
# name 14 = wetCDOM: Fluorescence, WET Labs CDOM [mg/m^3]
# name 15 = altM: Altimeter [m]
# name 16 = dz/dtM: Descent Rate [m/s]
# name 17 = modError: Modulo Error Count
# name 18 = pumps: Pump Status
# name 19 = sbeox0Mm/Kg: Oxygen, SBE 43 [umol/kg], WS = 2
# name 20 = sbeox1Mm/Kg: Oxygen, SBE 43, 2 [umol/kg], WS = 2
# name 21 = nbin: number of scans per bin
# name 22 = sal00: Salinity, Practical [PSU]
# name 23 = sigma-é00: Density [sigma-theta, kg/m^3]
# name 24 = potemp090C: Potential Temperature [ITS-90, deg C]
# name 25 = sal11: Salinity, Practical, 2 [PSU]
# name 26 = sigma-é11: Density, 2 [sigma-theta, kg/m^3]
# name 27 = potemp190C: Potential Temperature, 2 [ITS-90, deg C]
# name 28 = flag: flag
# span 0 =      44430,     191822       
# span 1 =      1.000,   1926.000       
# span 2 =      1.006,   1947.683       
# span 3 =     3.7211,    26.5980       
# span 4 =   3.260554,   5.433207       
# span 5 =     3.7216,    26.5988       
# span 6 =   3.260718,   5.433617       
# span 7 =     0.8607,     2.5932       
# span 8 =     0.8394,     2.5322       
# span 9 =    97.9920,    99.9477       
# span 10 =     0.0021,     0.0814      
# span 11 =     4.6352,     4.7277      
# span 12 = 3.8551e-02, 5.9312e-01      
# span 13 =      0.020,      0.106      
# span 14 =     0.6474,    70.6536      
# span 15 =       7.17,     106.17      
# span 16 =     -1.356,      1.418      
# span 17 =          0,          0      
# span 18 =          1,          1      
# span 19 =     68.548,    203.593      
# span 20 =     68.495,    227.396      
# span 21 =         17,        210      
# span 22 =    34.2435,    35.0164      
# span 23 =    22.6046,    27.3998      
# span 24 =     3.5653,    26.5969      
# span 25 =    34.2434,    35.0170      
# span 26 =    22.6050,    27.4008      
# span 27 =     3.5661,    26.5976      
# span 28 = 0.0000e+00, 0.0000e+00      
# interval = meters: 1                  
# start_time = May 31 2017 23:19:28 [NMEA time, header]
# bad_flag = -9.990e-29
*END*
[from data line 1601]
      80207   1606.000   1622.839     3.8062   3.262476     3.8074   3.262703     0.8749     0.8527    99.9217     0.0031     4.7265 5.0061e-02      0.031     9.6474      98.63      1.058          0          1     69.111     69.072         24    34.4506    27.3818     3.6784    34.4520    27.3828     3.6796 0.0000e+00
      80231   1607.000   1623.854     3.8052   3.262420     3.8064   3.262657     0.8750     0.8525    99.9023     0.0039     4.7256 5.0061e-02      0.031     9.6764      98.63      1.006          0          1     69.137     69.163         23    34.4505    27.3818     3.6774    34.4520    27.3829     3.6785 0.0000e+00
      80253   1608.000   1624.868     3.8044   3.262399     3.8055   3.262618     0.8748     0.8527    99.8957     0.0042     4.7253 5.0061e-02      0.031     9.6879      98.63      1.052          0          1     68.993     69.019         21    34.4506    27.3820     3.6765    34.4520    27.3830     3.6776 0.0000e+00
      80273   1609.000   1625.882     3.8042   3.262430     3.8054   3.262665     0.8745     0.8520    99.8958     0.0042     4.7253 4.9418e-02      0.031     9.6805      98.63      1.150          0          1     69.017     68.800         19    34.4507    27.3821     3.6762    34.4522    27.3831     3.6774 0.0000e+00
      80291   1610.000   1626.897     3.8033   3.262392     3.8044   3.262627     0.8747     0.8522    99.9050     0.0038     4.7257 4.9704e-02      0.031     9.6700      98.63      1.256          0          1     69.207     69.089         17    34.4507    27.3821     3.6752    34.4523    27.3833     3.6763 0.0000e+00
      80309   1611.000   1627.912     3.8023   3.262346     3.8035   3.262586     0.8745     0.8519    99.9030     0.0039     4.7256 5.0065e-02      0.031     9.7016      98.63      1.346          0          1     69.053     68.959         18    34.4507    27.3823     3.6741    34.4523    27.3834     3.6753 0.0000e+00
      80327   1612.000   1628.926     3.8007   3.262256     3.8018   3.262483     0.8742     0.8518    99.9218     0.0031     4.7265 5.0061e-02      0.031     9.7426      98.63      1.379          0          1     68.913     68.995         18    34.4508    27.3825     3.6725    34.4523    27.3836     3.6735 0.0000e+00
      80345   1613.000   1629.940     3.7995   3.262202     3.8006   3.262428     0.8741     0.8519    99.9217     0.0031     4.7265 5.0061e-02      0.029     9.7715      98.63      1.359          0          1     68.958     69.014         19    34.4509    27.3827     3.6712    34.4524    27.3838     3.6723 0.0000e+00
      80365   1614.000   1630.955     3.7987   3.262181     3.7999   3.262403     0.8742     0.8516    99.9217     0.0031     4.7265 5.0061e-02      0.025     9.7756      98.63      1.299          0          1     69.159     69.078         20    34.4510    27.3829     3.6703    34.4524    27.3839     3.6715 0.0000e+00
      80385   1615.000   1631.969     3.7981   3.262179     3.7994   3.262404     0.8739     0.8519    99.9217     0.0031     4.7265 5.0006e-02      0.024     9.7689      98.63      1.217          0          1     68.948     69.156         22    34.4511    27.3831     3.6696    34.4524    27.3840     3.6709 0.0000e+00
      80407   1616.000   1632.983     3.7977   3.262183     3.7988   3.262404     0.8738     0.8517    99.9194     0.0032     4.7264 4.9289e-02      0.024     9.7765      98.63      1.144          0          1     69.054     69.030         22    34.4511    27.3831     3.6691    34.4526    27.3841     3.6702 0.0000e+00
      80429   1617.000   1633.998     3.7976   3.262217     3.7988   3.262448     0.8740     0.8517    99.8959     0.0042     4.7253 4.9284e-02      0.027     9.7723      98.63      1.106          0          1     69.158     69.033         22    34.4511    27.3831     3.6689    34.4526    27.3842     3.6701 0.0000e+00
      80451   1618.000   1635.012     3.7976   3.262260     3.7987   3.262486     0.8739     0.8515    99.8958     0.0042     4.7253 4.9947e-02      0.031     9.7550      98.63      1.111          0          1     69.067     68.941         21    34.4511    27.3831     3.6688    34.4526    27.3842     3.6699 0.0000e+00
      80472   1619.000   1636.027     3.7975   3.262307     3.7987   3.262533     0.8739     0.8513    99.8958     0.0042     4.7253 4.8823e-02      0.031     9.7458      98.63      1.139          0          1     69.169     68.945         20    34.4513    27.3833     3.6686    34.4527    27.3843     3.6698 0.0000e+00
      80492   1620.000   1637.041     3.7976   3.262344     3.7987   3.262573     0.8739     0.8513    99.8958     0.0042     4.7253 4.8840e-02      0.031     9.7240      98.63      1.189          0          1     69.071     69.059         20    34.4511    27.3832     3.6687    34.4527    27.3843     3.6697 0.0000e+00
      80511   1621.000   1638.056     3.7975   3.262384     3.7985   3.262613     0.8738     0.8514    99.8958     0.0042     4.7253 4.9806e-02      0.031     9.7054      98.63      1.228          0          1     68.991     69.125         20    34.4512    27.3833     3.6685    34.4529    27.3845     3.6694 0.0000e+00
      80531   1622.000   1639.070     3.7971   3.262401     3.7985   3.262641     0.8736     0.8513    99.8958     0.0042     4.7253 5.0060e-02      0.031     9.6959      98.63      1.246          0          1     69.070     68.971         19    34.4514    27.3834     3.6680    34.4527    27.3844     3.6694 0.0000e+00
      80551   1623.000   1640.084     3.7965   3.262384     3.7976   3.262614     0.8736     0.8511    99.8958     0.0042     4.7253 5.0061e-02      0.032     9.6980      98.63      1.235          0          1     69.046     68.931         20    34.4513    27.3834     3.6673    34.4529    27.3846     3.6684 0.0000e+00
      80571   1624.000   1641.099     3.7958   3.262384     3.7969   3.262606     0.8736     0.8510    99.8919     0.0044     4.7251 4.9441e-02      0.031     9.7269      98.63      1.221          0          1     69.082     68.918         20    34.4515    27.3837     3.6665    34.4530    27.3848     3.6676 0.0000e+00
      80591   1625.000   1642.113     3.7956   3.262399     3.7968   3.262628     0.8736     0.8508    99.8699     0.0052     4.7241 4.8960e-02      0.031     9.7255      98.63      1.220          0          1     69.116     68.987         20    34.4514    27.3836     3.6662    34.4529    27.3847     3.6674 0.0000e+00
      80610   1626.000   1643.128     3.7939   3.262298     3.7953   3.262543     0.8735     0.8509    99.8808     0.0048     4.7246 5.0054e-02      0.031     9.7315      98.63      1.241          0          1     69.104     69.070         19    34.4515    27.3839     3.6644    34.4529    27.3849     3.6658 0.0000e+00
      80629   1627.000   1644.142     3.7924   3.262220     3.7932   3.262428     0.8737     0.8510    99.8959     0.0042     4.7253 5.0061e-02      0.031     9.7573      98.63      1.264          0          1     69.054     69.029         19    34.4517    27.3842     3.6629    34.4533    27.3854     3.6637 0.0000e+00
      80649   1628.000   1645.157     3.7924   3.262258     3.7932   3.262465     0.8733     0.8506    99.8958     0.0042     4.7253 4.9938e-02      0.031     9.7718      98.63      1.262          0          1     68.927     68.824         20    34.4516    27.3841     3.6628    34.4532    27.3853     3.6636 0.0000e+00
      80670   1629.000   1646.171     3.7916   3.262233     3.7928   3.262471     0.8732     0.8505    99.8958     0.0042     4.7253 4.9671e-02      0.031     9.7597      98.63      1.216          0          1     69.099     69.054         22    34.4517    27.3843     3.6619    34.4532    27.3854     3.6631 0.0000e+00
      80692   1630.000   1647.186     3.7930   3.262394     3.7945   3.262644     0.8734     0.8507    99.8958     0.0042     4.7253 5.0064e-02      0.031     9.7380      98.63      1.135          0          1     69.143     69.028         22    34.4516    27.3841     3.6632    34.4530    27.3851     3.6647 0.0000e+00
      80713   1631.000   1648.200     3.7927   3.262410     3.7942   3.262669     0.8732     0.8505    99.8958     0.0042     4.7253 5.0006e-02      0.031     9.7267      98.63      1.110          0          1     69.034     68.939         22    34.4516    27.3841     3.6628    34.4531    27.3852     3.6643 0.0000e+00
      80734   1632.000   1649.214     3.7928   3.262457     3.7936   3.262646     0.8732     0.8505    99.8958     0.0042     4.7253 4.9279e-02      0.031     9.7206      98.63      1.137          0          1     69.110     69.030         20    34.4516    27.3841     3.6628    34.4530    27.3851     3.6636 0.0000e+00
      80754   1633.000   1650.229     3.7891   3.262186     3.7908   3.262452     0.8731     0.8505    99.8743     0.0050     4.7243 4.8845e-02      0.031     9.7230      98.63      1.192          0          1     69.012     69.045         19    34.4518    27.3846     3.6591    34.4531    27.3855     3.6607 0.0000e+00
      80773   1634.000   1651.243     3.7877   3.262112     3.7888   3.262343     0.8730     0.8505    99.8823     0.0047     4.7247 4.9618e-02      0.031     9.7128      98.63      1.247          0          1     69.053     69.100         19    34.4518    27.3848     3.6576    34.4534    27.3860     3.6587 0.0000e+00
      80793   1635.000   1652.258     3.7871   3.262110     3.7882   3.262335     0.8731     0.8506    99.8957     0.0042     4.7253 5.0059e-02      0.031     9.6923      98.63      1.251          0          1     69.021     68.964         21    34.4520    27.3850     3.6569    34.4535    27.3861     3.6580 0.0000e+00
      80813   1636.000   1653.273     3.7866   3.262107     3.7879   3.262338     0.8727     0.8502    99.8958     0.0042     4.7253 5.0061e-02      0.031     9.6943      98.63      1.220          0          1     68.935     68.856         20    34.4520    27.3850     3.6563    34.4533    27.3860     3.6576 0.0000e+00
      80834   1637.000   1654.287     3.7863   3.262126     3.7874   3.262343     0.8729     0.8502    99.8958     0.0042     4.7253 4.9715e-02      0.030     9.6696      98.63      1.189          0          1     69.042     68.986         21    34.4520    27.3851     3.6559    34.4534    27.3861     3.6570 0.0000e+00
      80854   1638.000   1655.302     3.7860   3.262137     3.7870   3.262359     0.8724     0.8501    99.8958     0.0042     4.7253 4.9935e-02      0.028     9.6452      98.63      1.189          0          1     68.890     68.967         20    34.4520    27.3851     3.6555    34.4535    27.3863     3.6565 0.0000e+00
      80874   1639.000   1656.316     3.7859   3.262182     3.7869   3.262403     0.8725     0.8501    99.8958     0.0042     4.7253 5.0060e-02      0.029     9.6528      98.63      1.212          0          1     69.042     68.947         19    34.4521    27.3853     3.6553    34.4537    27.3864     3.6563 0.0000e+00
      80893   1640.000   1657.331     3.7858   3.262205     3.7868   3.262429     0.8724     0.8499    99.8958     0.0042     4.7253 5.0061e-02      0.031     9.6472      98.63      1.238          0          1     68.962     68.970         19    34.4520    27.3852     3.6552    34.4536    27.3864     3.6561 0.0000e+00
      80912   1641.000   1658.345     3.7853   3.262206     3.7864   3.262441     0.8722     0.8498    99.8958     0.0042     4.7253 5.0061e-02      0.031     9.6456      98.63      1.261          0          1     68.870     68.954         19    34.4520    27.3853     3.6546    34.4537    27.3865     3.6556 0.0000e+00
      80932   1642.000   1659.360     3.7852   3.262239     3.7862   3.262472     0.8721     0.8500    99.8958     0.0042     4.7253 5.0061e-02      0.031     9.6163      98.63      1.270          0          1     68.989     68.965         20    34.4520    27.3853     3.6544    34.4537    27.3866     3.6554 0.0000e+00
      80952   1643.000   1660.374     3.7850   3.262280     3.7858   3.262467     0.8722     0.8496    99.8958     0.0042     4.7253 5.0061e-02      0.031     9.6219      98.63      1.250          0          1     69.077     68.876         20    34.4522    27.3855     3.6541    34.4536    27.3865     3.6549 0.0000e+00
      80972   1644.000   1661.389     3.7837   3.262198     3.7847   3.262419     0.8721     0.8498    99.8958     0.0042     4.7253 5.0061e-02      0.031     9.6305      98.63      1.219          0          1     69.054     69.051         21    34.4521    27.3855     3.6527    34.4537    27.3867     3.6537 0.0000e+00
      80993   1645.000   1662.403     3.7835   3.262229     3.7847   3.262464     0.8723     0.8496    99.8958     0.0042     4.7253 5.0061e-02      0.031     9.6074      98.63      1.180          0          1     68.970     68.869         21    34.4522    27.3856     3.6524    34.4537    27.3867     3.6536 0.0000e+00
      81014   1646.000   1663.418     3.7834   3.262253     3.7843   3.262465     0.8717     0.8495    99.8958     0.0042     4.7253 5.0061e-02      0.031     9.5744      98.63      1.162          0          1     68.823     68.867         21    34.4521    27.3856     3.6522    34.4537    27.3867     3.6531 0.0000e+00
      81035   1647.000   1664.433     3.7832   3.262282     3.7842   3.262499     0.8720     0.8493    99.8958     0.0042     4.7253 5.0061e-02      0.031     9.5547      98.63      1.165          0          1     69.026     68.903         20    34.4522    27.3857     3.6519    34.4537    27.3868     3.6529 0.0000e+00
      81055   1648.000   1665.447     3.7826   3.262276     3.7841   3.262528     0.8717     0.8493    99.8958     0.0042     4.7253 5.0061e-02      0.031     9.5608      98.63      1.175          0          1     69.003     68.954         21    34.4522    27.3858     3.6513    34.4536    27.3868     3.6527 0.0000e+00
      81076   1649.000   1666.462     3.7817   3.262245     3.7827   3.262454     0.8720     0.8494    99.8958     0.0042     4.7253 5.0061e-02      0.031     9.5542      98.63      1.169          0          1     69.074     69.035         21    34.4523    27.3859     3.6503    34.4537    27.3870     3.6513 0.0000e+00
      81098   1650.000   1667.476     3.7812   3.262245     3.7823   3.262466     0.8716     0.8494    99.8958     0.0042     4.7253 5.0061e-02      0.031     9.5392      98.63      1.157          0          1     68.854     69.029         22    34.4524    27.3860     3.6497    34.4538    27.3871     3.6508 0.0000e+00
      81118   1651.000   1668.491     3.7810   3.262271     3.7821   3.262490     0.8717     0.8494    99.8958     0.0042     4.7253 5.0061e-02      0.031     9.5278      98.63      1.152          0          1     69.050     68.972         20    34.4524    27.3861     3.6494    34.4538    27.3871     3.6505 0.0000e+00
      81138   1652.000   1669.505     3.7805   3.262256     3.7815   3.262483     0.8717     0.8493    99.8958     0.0042     4.7253 4.9089e-02      0.029     9.5346      98.63      1.182          0          1     68.961     68.963         20    34.4522    27.3860     3.6488    34.4539    27.3872     3.6498 0.0000e+00
      81157   1653.000   1670.520     3.7791   3.262190     3.7803   3.262418     0.8715     0.8493    99.8958     0.0042     4.7253 4.8844e-02      0.030     9.5504      98.63      1.238          0          1     68.903     68.997         18    34.4524    27.3863     3.6473    34.4539    27.3873     3.6485 0.0000e+00
      81175   1654.000   1671.535     3.7775   3.262103     3.7787   3.262335     0.8715     0.8492    99.8958     0.0042     4.7253 4.9711e-02      0.027     9.5416      98.63      1.306          0          1     68.905     68.841         18    34.4526    27.3866     3.6457    34.4541    27.3877     3.6468 0.0000e+00
