CTDdata/C08M001.cnv
* Sea-Bird SBE 9 Data File:
* FileName = C:\MR1703C\CTDdata\C08M001.hdr
* Software Version Seasave V 7.23.2
* Temperature SN = 031464
* Conductivity SN = 041203
* Number of Bytes Per Scan = 41
* Number of Voltage Words = 4
* Number of Scans Averaged by the Deck Unit = 1
* NMEA Latitude = 25 56.53 N
* NMEA Longitude = 124 59.65 E
* NMEA UTC (Time) = Jun 01 2017 04:54:53
* NMEA baud rate = 4800
** Cruise: MR17-03C
** Station: C08
** Bottom Depth [m]: 1681.0
** Operator: S.Tanihara
# nquan = 29                                
# nvalues = 3338                        
# units = specified
# name 0 = scan: Scan Count
# name 1 = depSM: Depth [salt water, m]
# name 2 = prDM: Pressure, Digiquartz [db]
# name 3 = t090C: Temperature [ITS-90, deg C]
# name 4 = c0S/m: Conductivity [S/m]
# name 5 = t190C: Temperature, 2 [ITS-90, deg C]
# name 6 = c1S/m: Conductivity, 2 [S/m]
# name 7 = sbeox0V: Oxygen raw, SBE 43 [V]
# name 8 = sbeox1V: Oxygen raw, SBE 43, 2 [V]
# name 9 = CStarTr0: Beam Transmission, WET Labs C-Star [%]
# name 10 = CStarAt0: Beam Attenuation, WET Labs C-Star [1/m]
# name 11 = v4: Voltage 4
# name 12 = flSP: Fluorescence, Seapoint
# name 13 = seaTurbMtr: Turbidity, Seapoint [FTU]
# name 14 = wetCDOM: Fluorescence, WET Labs CDOM [mg/m^3]
# name 15 = altM: Altimeter [m]
# name 16 = dz/dtM: Descent Rate [m/s]
# name 17 = modError: Modulo Error Count
# name 18 = pumps: Pump Status
# name 19 = sbeox0Mm/Kg: Oxygen, SBE 43 [umol/kg], WS = 2
# name 20 = sbeox1Mm/Kg: Oxygen, SBE 43, 2 [umol/kg], WS = 2
# name 21 = nbin: number of scans per bin
# name 22 = sal00: Salinity, Practical [PSU]
# name 23 = sigma-é00: Density [sigma-theta, kg/m^3]
# name 24 = potemp090C: Potential Temperature [ITS-90, deg C]
# name 25 = sal11: Salinity, Practical, 2 [PSU]
# name 26 = sigma-é11: Density, 2 [sigma-theta, kg/m^3]
# name 27 = potemp190C: Potential Temperature, 2 [ITS-90, deg C]
# name 28 = flag: flag
# span 0 =      24300,     142917       
# span 1 =      1.000,   1671.000       
# span 2 =      1.007,   1688.734       
# span 3 =     3.7693,    26.8383       
# span 4 =   3.255493,   5.466234       
# span 5 =     3.7702,    26.8372       
# span 6 =   3.255641,   5.466579       
# span 7 =     0.8696,     2.5899       
# span 8 =     0.8482,     2.5233       
# span 9 =    97.8894,    99.9221       
# span 10 =     0.0031,     0.0854      
# span 11 =     4.6304,     4.7265      
# span 12 = 4.1049e-02, 7.2723e-01      
# span 13 =      0.025,      0.091      
# span 14 =     0.4761,    53.5611      
# span 15 =       0.77,     119.07      
# span 16 =     -1.566,      1.386      
# span 17 =          0,          0      
# span 18 =          1,          1      
# span 19 =     68.017,    202.729      
# span 20 =     68.269,    201.032      
# span 21 =         15,        260      
# span 22 =    34.2709,    35.0273      
# span 23 =    22.5324,    27.3884      
# span 24 =     3.6360,    26.8360      
# span 25 =    34.2728,    35.0274      
# span 26 =    22.5326,    27.3894      
# span 27 =     3.6369,    26.8351      
# span 28 = 0.0000e+00, 0.0000e+00      
# interval = meters: 1                  
# start_time = Jun 01 2017 04:54:53 [NMEA time, header]
# bad_flag = -9.990e-29
*END*
[from data line 1851]
      77745   1487.000   1502.119     3.8520   3.261320     3.8524   3.261484     0.8799     0.8596    99.8184     0.0073     4.7216 4.9713e-02      0.031     9.8003      98.63     -0.752          0          1     68.998     69.180         28    34.4479    27.3740     3.7346    34.4494    27.3752     3.7350 0.0000e+00
      77771   1486.000   1501.106     3.8522   3.261300     3.8529   3.261479     0.8801     0.8596    99.8184     0.0073     4.7216 5.0065e-02      0.031     9.8058      98.63     -0.872          0          1     69.057     69.261         25    34.4479    27.3740     3.7349    34.4493    27.3750     3.7355 0.0000e+00
      77797   1485.000   1500.092     3.8528   3.261309     3.8538   3.261512     0.8802     0.8594    99.8184     0.0073     4.7216 4.9484e-02      0.031     9.8140      98.63     -0.944          0          1     69.052     69.184         25    34.4479    27.3739     3.7355    34.4493    27.3749     3.7365 0.0000e+00
      77822   1484.000   1499.078     3.8537   3.261331     3.8546   3.261534     0.8803     0.8594    99.8184     0.0073     4.7216 4.9680e-02      0.034     9.8248      98.63     -0.965          0          1     68.999     69.354         26    34.4477    27.3737     3.7365    34.4492    27.3747     3.7374 0.0000e+00
      77849   1483.000   1498.064     3.8537   3.261299     3.8544   3.261467     0.8803     0.8598    99.8184     0.0073     4.7216 5.0056e-02      0.035     9.8254      98.63     -0.926          0          1     68.944     69.368         28    34.4479    27.3738     3.7366    34.4491    27.3747     3.7373 0.0000e+00
      77878   1482.000   1497.051     3.8538   3.261259     3.8544   3.261423     0.8801     0.8598    99.8184     0.0073     4.7216 5.0061e-02      0.031     9.8330      98.63     -0.843          0          1     68.939     69.458         29    34.4478    27.3737     3.7368    34.4491    27.3747     3.7374 0.0000e+00
      77906   1481.000   1496.037     3.8541   3.261239     3.8547   3.261405     0.8804     0.8602    99.8184     0.0073     4.7216 5.0061e-02      0.031     9.8190      98.63     -0.856          0          1     69.085     69.291         26    34.4477    27.3736     3.7372    34.4490    27.3746     3.7378 0.0000e+00
      77931   1480.000   1495.023     3.8541   3.261201     3.8547   3.261364     0.8805     0.8599    99.8184     0.0073     4.7216 4.8884e-02      0.031     9.7956      98.63     -0.937          0          1     69.014     69.330         24    34.4478    27.3736     3.7373    34.4491    27.3746     3.7379 0.0000e+00
      77954   1479.000   1494.009     3.8540   3.261148     3.8547   3.261324     0.8805     0.8603    99.8184     0.0073     4.7216 4.9106e-02      0.035     9.7590      98.63     -1.018          0          1     68.979     69.437         23    34.4477    27.3736     3.7373    34.4491    27.3746     3.7380 0.0000e+00
      77978   1478.000   1492.996     3.8541   3.261116     3.8548   3.261288     0.8803     0.8601    99.8184     0.0073     4.7216 5.0062e-02      0.037     9.6819      98.63     -1.042          0          1     68.876     69.315         24    34.4477    27.3736     3.7375    34.4490    27.3746     3.7381 0.0000e+00
      78002   1477.000   1491.982     3.8544   3.261094     3.8550   3.261263     0.8804     0.8603    99.8184     0.0073     4.7216 5.0061e-02      0.032     9.6587      98.63     -1.010          0          1     68.978     69.468         25    34.4477    27.3735     3.7378    34.4490    27.3745     3.7384 0.0000e+00
      78027   1476.000   1490.968     3.8548   3.261081     3.8555   3.261258     0.8807     0.8606    99.8184     0.0073     4.7216 5.0061e-02      0.037     9.6641      98.63     -0.979          0          1     69.141     69.496         24    34.4476    27.3734     3.7383    34.4489    27.3744     3.7390 0.0000e+00
      78050   1475.000   1489.955     3.8548   3.261036     3.8553   3.261204     0.8808     0.8607    99.8184     0.0073     4.7216 5.0061e-02      0.037     9.6456      98.63     -1.020          0          1     68.955     69.379         22    34.4476    27.3733     3.7384    34.4490    27.3745     3.7389 0.0000e+00
      78070   1474.000   1488.941     3.8547   3.260996     3.8554   3.261168     0.8807     0.8607    99.8184     0.0073     4.7216 5.0061e-02      0.037     9.6493      98.63     -1.108          0          1     69.069     69.419         20    34.4477    27.3734     3.7384    34.4490    27.3744     3.7391 0.0000e+00
      78091   1473.000   1487.927     3.8548   3.260952     3.8555   3.261139     0.8809     0.8609    99.8184     0.0073     4.7216 5.0061e-02      0.033     9.6501      98.63     -1.183          0          1     69.066     69.393         20    34.4476    27.3733     3.7386    34.4490    27.3744     3.7393 0.0000e+00
      78111   1472.000   1486.914     3.8560   3.261018     3.8566   3.261182     0.8811     0.8606    99.8184     0.0073     4.7216 5.0061e-02      0.036     9.6428      98.63     -1.215          0          1     68.960     69.394         20    34.4476    27.3732     3.7399    34.4489    27.3742     3.7405 0.0000e+00
      78131   1471.000   1485.900     3.8568   3.261037     3.8575   3.261219     0.8808     0.8609    99.8184     0.0073     4.7216 4.9590e-02      0.037     9.6720      98.63     -1.204          0          1     68.964     69.479         21    34.4475    27.3730     3.7408    34.4489    27.3741     3.7414 0.0000e+00
      78153   1470.000   1484.886     3.8574   3.261045     3.8582   3.261235     0.8810     0.8612    99.8184     0.0073     4.7216 5.0052e-02      0.037     9.6992      98.63     -1.151          0          1     69.059     69.463         22    34.4474    27.3729     3.7414    34.4488    27.3740     3.7422 0.0000e+00
      78176   1469.000   1483.872     3.8579   3.261049     3.8584   3.261213     0.8811     0.8609    99.8184     0.0073     4.7216 5.0061e-02      0.037     9.7140      98.63     -1.096          0          1     68.988     69.273         22    34.4475    27.3729     3.7420    34.4489    27.3740     3.7425 0.0000e+00
      78198   1468.000   1482.858     3.8584   3.261041     3.8588   3.261199     0.8811     0.8609    99.8184     0.0073     4.7216 5.0061e-02      0.033     9.7301      98.63     -1.079          0          1     68.919     69.430         21    34.4473    27.3727     3.7426    34.4488    27.3739     3.7430 0.0000e+00
      78219   1467.000   1481.845     3.8584   3.260997     3.8590   3.261164     0.8810     0.8612    99.8184     0.0073     4.7216 4.9383e-02      0.031     9.7257      98.63     -1.126          0          1     68.966     69.513         20    34.4473    27.3727     3.7427    34.4486    27.3737     3.7433 0.0000e+00
      78239   1466.000   1480.831     3.8588   3.260990     3.8594   3.261165     0.8810     0.8613    99.8184     0.0073     4.7216 5.0066e-02      0.033     9.7221      98.63     -1.181          0          1     69.092     69.451         20    34.4473    27.3727     3.7432    34.4487    27.3737     3.7438 0.0000e+00
      78258   1465.000   1479.818     3.8594   3.260993     3.8600   3.261172     0.8814     0.8613    99.8184     0.0073     4.7216 5.0061e-02      0.037     9.6981      98.63     -1.227          0          1     69.158     69.389         20    34.4472    27.3725     3.7439    34.4487    27.3736     3.7445 0.0000e+00
      78278   1464.000   1478.804     3.8597   3.260971     3.8603   3.261159     0.8814     0.8613    99.8184     0.0073     4.7216 4.8984e-02      0.037     9.6803      98.63     -1.237          0          1     69.001     69.379         20    34.4471    27.3724     3.7443    34.4487    27.3736     3.7448 0.0000e+00
      78298   1463.000   1477.790     3.8597   3.260932     3.8604   3.261112     0.8814     0.8613    99.8184     0.0073     4.7216 4.8843e-02      0.037     9.6699      98.63     -1.222          0          1     69.012     69.370         20    34.4472    27.3724     3.7444    34.4486    27.3735     3.7450 0.0000e+00
      78318   1462.000   1476.777     3.8595   3.260875     3.8602   3.261056     0.8816     0.8613    99.8184     0.0073     4.7216 4.9417e-02      0.037     9.7133      98.63     -1.220          0          1     69.069     69.361         19    34.4472    27.3725     3.7442    34.4486    27.3735     3.7449 0.0000e+00
      78338   1461.000   1475.763     3.8596   3.260840     3.8603   3.261023     0.8816     0.8613    99.8106     0.0076     4.7212 5.0062e-02      0.037     9.7441      98.63     -1.231          0          1     69.026     69.343         20    34.4472    27.3724     3.7444    34.4486    27.3735     3.7451 0.0000e+00
      78357   1460.000   1474.749     3.8597   3.260821     3.8603   3.260988     0.8816     0.8613    99.8184     0.0073     4.7216 5.0061e-02      0.037     9.7626      98.63     -1.235          0          1     68.991     69.396         20    34.4473    27.3726     3.7446    34.4487    27.3736     3.7452 0.0000e+00
      78378   1459.000   1473.736     3.8597   3.260762     3.8603   3.260948     0.8815     0.8615    99.8184     0.0073     4.7216 4.9895e-02      0.037     9.7557      98.63     -1.203          0          1     68.985     69.407         22    34.4471    27.3724     3.7447    34.4487    27.3736     3.7453 0.0000e+00
      78401   1458.000   1472.722     3.8597   3.260725     3.8603   3.260893     0.8816     0.8614    99.8184     0.0073     4.7216 4.9654e-02      0.033     9.7514      98.63     -1.113          0          1     68.961     69.416         24    34.4472    27.3724     3.7448    34.4486    27.3734     3.7454 0.0000e+00
      78426   1457.000   1471.709     3.8597   3.260694     3.8603   3.260860     0.8816     0.8616    99.8184     0.0073     4.7216 4.9654e-02      0.031     9.7614      98.63     -1.019          0          1     69.052     69.476         24    34.4473    27.3725     3.7449    34.4487    27.3735     3.7455 0.0000e+00
      78449   1456.000   1470.695     3.8598   3.260642     3.8604   3.260833     0.8819     0.8619    99.8184     0.0073     4.7216 4.9476e-02      0.031     9.7610      98.63     -1.020          0          1     69.065     69.381         21    34.4471    27.3723     3.7451    34.4487    27.3736     3.7457 0.0000e+00
      78468   1455.000   1469.681     3.8598   3.260603     3.8605   3.260783     0.8818     0.8614    99.8184     0.0073     4.7216 4.8839e-02      0.037     9.7490      98.63     -1.129          0          1     68.913     69.224         19    34.4471    27.3723     3.7452    34.4485    27.3734     3.7459 0.0000e+00
      78486   1454.000   1468.668     3.8601   3.260590     3.8608   3.260762     0.8816     0.8618    99.8184     0.0073     4.7216 4.8840e-02      0.037     9.7266      98.63     -1.268          0          1     68.954     69.557         17    34.4472    27.3723     3.7456    34.4485    27.3733     3.7462 0.0000e+00
      78503   1453.000   1467.654     3.8603   3.260550     3.8609   3.260735     0.8818     0.8617    99.8184     0.0073     4.7216 4.8840e-02      0.037     9.7242      98.63     -1.373          0          1     69.136     69.377         17    34.4470    27.3721     3.7458    34.4485    27.3733     3.7464 0.0000e+00
      78520   1452.000   1466.641     3.8604   3.260526     3.8612   3.260717     0.8821     0.8618    99.8184     0.0073     4.7216 4.9849e-02      0.037     9.7295      98.63     -1.421          0          1     69.109     69.306         17    34.4471    27.3722     3.7460    34.4485    27.3733     3.7468 0.0000e+00
      78538   1451.000   1465.627     3.8609   3.260534     3.8616   3.260710     0.8820     0.8617    99.8184     0.0073     4.7216 5.0059e-02      0.037     9.7384      98.63     -1.397          0          1     68.942     69.308         20    34.4472    27.3722     3.7466    34.4485    27.3732     3.7473 0.0000e+00
      78559   1450.000   1464.613     3.8613   3.260507     3.8620   3.260698     0.8820     0.8618    99.8184     0.0073     4.7216 4.9095e-02      0.033     9.7250      98.63     -1.294          0          1     68.975     69.462         21    34.4469    27.3720     3.7471    34.4484    27.3731     3.7478 0.0000e+00
      78581   1449.000   1463.600     3.8614   3.260475     3.8621   3.260665     0.8820     0.8620    99.8184     0.0073     4.7216 4.8843e-02      0.035     9.7112      98.63     -1.161          0          1     69.120     69.381         23    34.4469    27.3720     3.7473    34.4484    27.3731     3.7480 0.0000e+00
      78604   1448.000   1462.586     3.8614   3.260438     3.8621   3.260615     0.8824     0.8619    99.8184     0.0073     4.7216 4.8840e-02      0.033     9.7270      98.63     -1.072          0          1     69.006     69.379         23    34.4470    27.3720     3.7474    34.4483    27.3730     3.7481 0.0000e+00
      78627   1447.000   1461.573     3.8614   3.260393     3.8620   3.260562     0.8822     0.8619    99.8184     0.0073     4.7216 4.9377e-02      0.033     9.7676      98.63     -1.042          0          1     68.904     69.387         23    34.4470    27.3720     3.7475    34.4483    27.3730     3.7481 0.0000e+00
      78651   1446.000   1460.559     3.8613   3.260347     3.8620   3.260526     0.8822     0.8623    99.8184     0.0073     4.7216 5.0062e-02      0.031     9.7846      98.63     -1.044          0          1     69.065     69.519         24    34.4470    27.3720     3.7475    34.4484    27.3730     3.7482 0.0000e+00
      78674   1445.000   1459.545     3.8614   3.260315     3.8621   3.260494     0.8823     0.8623    99.8184     0.0073     4.7216 5.0061e-02      0.033     9.7795      98.63     -1.045          0          1     69.067     69.399         22    34.4470    27.3720     3.7477    34.4484    27.3730     3.7483 0.0000e+00
      78695   1444.000   1458.532     3.8617   3.260303     3.8625   3.260480     0.8825     0.8621    99.8184     0.0073     4.7216 5.0061e-02      0.037     9.7876      98.63     -1.082          0          1     68.997     69.328         20    34.4471    27.3720     3.7480    34.4483    27.3729     3.7488 0.0000e+00
      78714   1443.000   1457.518     3.8624   3.260307     3.8630   3.260474     0.8823     0.8622    99.8184     0.0073     4.7216 5.0061e-02      0.037     9.8194      98.63     -1.174          0          1     68.982     69.469         19    34.4469    27.3718     3.7488    34.4482    27.3728     3.7494 0.0000e+00
      78732   1442.000   1456.505     3.8633   3.260343     3.8639   3.260516     0.8826     0.8624    99.8184     0.0073     4.7216 5.0061e-02      0.037     9.8342      98.63     -1.284          0          1     69.070     69.453         17    34.4469    27.3717     3.7498    34.4483    27.3727     3.7504 0.0000e+00
      78749   1441.000   1455.491     3.8638   3.260343     3.8645   3.260526     0.8824     0.8625    99.8184     0.0073     4.7216 5.0061e-02      0.037     9.8609      98.63     -1.386          0          1     68.969     69.366         16    34.4468    27.3716     3.7504    34.4483    27.3726     3.7511 0.0000e+00
      78765   1440.000   1454.478     3.8642   3.260333     3.8648   3.260505     0.8825     0.8624    99.8184     0.0073     4.7216 4.9040e-02      0.037     9.9088      98.63     -1.446          0          1     69.016     69.353         17    34.4468    27.3715     3.7509    34.4482    27.3726     3.7515 0.0000e+00
      78782   1439.000   1453.464     3.8643   3.260293     3.8649   3.260477     0.8827     0.8624    99.8184     0.0073     4.7216 4.8841e-02      0.037     9.9379      98.63     -1.456          0          1     68.979     69.332         18    34.4467    27.3714     3.7511    34.4483    27.3726     3.7517 0.0000e+00
