CTDdata/C08M001.cnv
* Sea-Bird SBE 9 Data File:
* FileName = C:\MR1703C\CTDdata\C08M001.hdr
* Software Version Seasave V 7.23.2
* Temperature SN = 031464
* Conductivity SN = 041203
* Number of Bytes Per Scan = 41
* Number of Voltage Words = 4
* Number of Scans Averaged by the Deck Unit = 1
* NMEA Latitude = 25 56.53 N
* NMEA Longitude = 124 59.65 E
* NMEA UTC (Time) = Jun 01 2017 04:54:53
* NMEA baud rate = 4800
** Cruise: MR17-03C
** Station: C08
** Bottom Depth [m]: 1681.0
** Operator: S.Tanihara
# nquan = 29                                
# nvalues = 3338                        
# units = specified
# name 0 = scan: Scan Count
# name 1 = depSM: Depth [salt water, m]
# name 2 = prDM: Pressure, Digiquartz [db]
# name 3 = t090C: Temperature [ITS-90, deg C]
# name 4 = c0S/m: Conductivity [S/m]
# name 5 = t190C: Temperature, 2 [ITS-90, deg C]
# name 6 = c1S/m: Conductivity, 2 [S/m]
# name 7 = sbeox0V: Oxygen raw, SBE 43 [V]
# name 8 = sbeox1V: Oxygen raw, SBE 43, 2 [V]
# name 9 = CStarTr0: Beam Transmission, WET Labs C-Star [%]
# name 10 = CStarAt0: Beam Attenuation, WET Labs C-Star [1/m]
# name 11 = v4: Voltage 4
# name 12 = flSP: Fluorescence, Seapoint
# name 13 = seaTurbMtr: Turbidity, Seapoint [FTU]
# name 14 = wetCDOM: Fluorescence, WET Labs CDOM [mg/m^3]
# name 15 = altM: Altimeter [m]
# name 16 = dz/dtM: Descent Rate [m/s]
# name 17 = modError: Modulo Error Count
# name 18 = pumps: Pump Status
# name 19 = sbeox0Mm/Kg: Oxygen, SBE 43 [umol/kg], WS = 2
# name 20 = sbeox1Mm/Kg: Oxygen, SBE 43, 2 [umol/kg], WS = 2
# name 21 = nbin: number of scans per bin
# name 22 = sal00: Salinity, Practical [PSU]
# name 23 = sigma-é00: Density [sigma-theta, kg/m^3]
# name 24 = potemp090C: Potential Temperature [ITS-90, deg C]
# name 25 = sal11: Salinity, Practical, 2 [PSU]
# name 26 = sigma-é11: Density, 2 [sigma-theta, kg/m^3]
# name 27 = potemp190C: Potential Temperature, 2 [ITS-90, deg C]
# name 28 = flag: flag
# span 0 =      24300,     142917       
# span 1 =      1.000,   1671.000       
# span 2 =      1.007,   1688.734       
# span 3 =     3.7693,    26.8383       
# span 4 =   3.255493,   5.466234       
# span 5 =     3.7702,    26.8372       
# span 6 =   3.255641,   5.466579       
# span 7 =     0.8696,     2.5899       
# span 8 =     0.8482,     2.5233       
# span 9 =    97.8894,    99.9221       
# span 10 =     0.0031,     0.0854      
# span 11 =     4.6304,     4.7265      
# span 12 = 4.1049e-02, 7.2723e-01      
# span 13 =      0.025,      0.091      
# span 14 =     0.4761,    53.5611      
# span 15 =       0.77,     119.07      
# span 16 =     -1.566,      1.386      
# span 17 =          0,          0      
# span 18 =          1,          1      
# span 19 =     68.017,    202.729      
# span 20 =     68.269,    201.032      
# span 21 =         15,        260      
# span 22 =    34.2709,    35.0273      
# span 23 =    22.5324,    27.3884      
# span 24 =     3.6360,    26.8360      
# span 25 =    34.2728,    35.0274      
# span 26 =    22.5326,    27.3894      
# span 27 =     3.6369,    26.8351      
# span 28 = 0.0000e+00, 0.0000e+00      
# interval = meters: 1                  
# start_time = Jun 01 2017 04:54:53 [NMEA time, header]
# bad_flag = -9.990e-29
*END*
[from data line 3301]
     141118     37.000     37.245    26.3068   5.412674    26.3075   5.413144     2.5726     2.5089    98.6562     0.0541     4.6667 1.5897e-01      0.055     2.5880      98.63     -1.148          0          1    200.024    197.958         21    34.7616    22.7602    26.2984    34.7645    22.7621    26.2991 0.0000e+00
     141139     36.000     36.239    26.3098   5.412896    26.3104   5.413326     2.5733     2.5099    98.6562     0.0541     4.6667 1.5513e-01      0.055     2.5580      98.63     -1.159          0          1    200.245    198.274         21    34.7612    22.7589    26.3017    34.7639    22.7607    26.3023 0.0000e+00
     141161     35.000     35.232    26.3143   5.413263    26.3147   5.413630     2.5755     2.5121    98.6562     0.0541     4.6667 1.5076e-01      0.055     2.5006      98.63     -1.120          0          1    200.342    198.401         23    34.7608    22.7571    26.3064    34.7632    22.7587    26.3068 0.0000e+00
     141184     34.000     34.225    26.3298   5.414669    26.3280   5.414902     2.5760     2.5130    98.6562     0.0541     4.6667 1.4550e-01      0.055     2.4310      98.63     -1.076          0          1    200.183    198.401         23    34.7596    22.7512    26.3221    34.7626    22.7541    26.3203 0.0000e+00
     141207     33.000     33.218    26.3537   5.416761    26.3480   5.416716     2.5745     2.5145    98.6562     0.0541     4.6667 1.4162e-01      0.056     2.4089      98.63     -1.043          0          1    199.805    198.308         23    34.7569    22.7417    26.3462    34.7609    22.7465    26.3405 0.0000e+00
     141231     32.000     32.212    26.3668   5.417846    26.3703   5.418580     2.5727     2.5127    98.6562     0.0541     4.6667 1.3858e-01      0.055     2.3920      98.63     -1.033          0          1    199.621    198.056         25    34.7552    22.7362    26.3595    34.7579    22.7371    26.3630 0.0000e+00
     141257     31.000     31.205    26.3746   5.418476    26.3745   5.418834     2.5726     2.5146    98.6562     0.0541     4.6667 1.3792e-01      0.055     2.3921      98.63     -0.965          0          1    199.789    198.396         27    34.7542    22.7329    26.3676    34.7568    22.7349    26.3675 0.0000e+00
     141284     30.000     30.198    26.3794   5.418807    26.3808   5.419290     2.5740     2.5163    98.6562     0.0541     4.6667 1.3580e-01      0.055     2.3588      98.63     -0.912          0          1    199.690    198.430         26    34.7532    22.7306    26.3726    34.7557    22.7320    26.3740 0.0000e+00
     141309     29.000     29.192    26.3824   5.418969    26.3828   5.419361     2.5738     2.5164    98.6562     0.0541     4.6667 1.3259e-01      0.055     2.3083      98.63     -0.926          0          1    199.884    198.322         25    34.7525    22.7290    26.3758    34.7550    22.7308    26.3762 0.0000e+00
     141333     28.000     28.185    26.3839   5.419004    26.3847   5.419448     2.5757     2.5171    98.6562     0.0541     4.6667 1.2981e-01      0.055     2.2705      98.63     -0.980          0          1    199.930    198.476         23    34.7519    22.7280    26.3776    34.7545    22.7297    26.3784 0.0000e+00
     141355     27.000     27.178    26.3852   5.419044    26.3865   5.419522     2.5764     2.5177    98.6562     0.0541     4.6667 1.2629e-01      0.055     2.2389      98.63     -1.049          0          1    199.963    198.361         21    34.7515    22.7272    26.3791    34.7540    22.7287    26.3804 0.0000e+00
     141376     26.000     26.172    26.3896   5.419398    26.3901   5.419799     2.5759     2.5169    98.6562     0.0541     4.6667 1.2413e-01      0.055     2.2111      98.63     -1.120          0          1    199.859    198.157         21    34.7510    22.7254    26.3837    34.7536    22.7272    26.3842 0.0000e+00
     141397     25.000     25.165    26.3949   5.419841    26.3960   5.420312     2.5784     2.5151    98.6562     0.0541     4.6667 1.2088e-01      0.055     2.1776      98.63     -1.148          0          1    200.216    197.719         21    34.7506    22.7233    26.3892    34.7531    22.7249    26.3903 0.0000e+00
     141418     24.000     24.159    26.4001   5.420257    26.4016   5.420755     2.5790     2.5104    98.6280     0.0553     4.6653 1.1966e-01      0.055     2.1973      98.63     -1.144          0          1    199.878    197.345         22    34.7499    22.7212    26.3947    34.7524    22.7226    26.3962 0.0000e+00
     141441     23.000     23.152    26.4073   5.420887    26.4075   5.421234     2.5759     2.5114    98.6046     0.0562     4.6642 1.1885e-01      0.055     2.1910      98.63     -1.095          0          1    199.697    197.938         24    34.7494    22.7184    26.4021    34.7517    22.7201    26.4023 0.0000e+00
     141466     22.000     22.145    26.4314   5.423345    26.4264   5.423174     2.5791     2.5169    98.6264     0.0554     4.6652 1.1788e-01      0.057     2.1455      42.85     -1.005          0          1    200.221    198.533         26    34.7492    22.7106    26.4264    34.7518    22.7141    26.4214 0.0000e+00
     141492     21.000     21.139    26.4696   5.427596    26.4685   5.428180     2.5835     2.5208    98.6304     0.0552     4.6654 1.1403e-01      0.055     2.0996       0.94     -0.944          0          1    200.235    198.514         25    34.7514    22.7002    26.4648    34.7564    22.7043    26.4637 0.0000e+00
     141516     20.000     20.132    26.6171   5.444023    26.6222   5.445357     2.5812     2.5218    98.6079     0.0561     4.6644 1.1076e-01      0.055     2.0853      91.73     -0.978          0          1    199.290    197.859         22    34.7589    22.6592    26.6125    34.7646    22.6619    26.6176 0.0000e+00
     141538     19.000     19.125    26.7084   5.453881    26.7055   5.454130     2.5816     2.5207    98.5785     0.0573     4.6630 1.0827e-01      0.055     2.0858      98.67     -1.062          0          1    199.249    197.302         22    34.7613    22.6321    26.7041    34.7653    22.6360    26.7012 0.0000e+00
     141560     18.000     18.118    26.7287   5.456100    26.7294   5.456681     2.5835     2.5172    98.5840     0.0571     4.6632 1.0722e-01      0.055     2.0291      51.62     -1.097          0          1    199.249    196.866         24    34.7623    22.6263    26.7246    34.7659    22.6288    26.7253 0.0000e+00
     141587     17.000     17.112    26.7452   5.457957    26.7419   5.457853     2.5831     2.5174    98.6046     0.0562     4.6642 1.0417e-01      0.055     1.9640       0.77     -0.985          0          1    198.891    197.141         28    34.7635    22.6219    26.7413    34.7653    22.6243    26.7380 0.0000e+00
     141616     16.000     16.105    26.7587   5.459366    26.7466   5.458514     2.5793     2.5180    98.6253     0.0554     4.6652 1.0347e-01      0.055     1.9075      42.81     -0.847          0          1    198.633    197.132         31    34.7638    22.6178    26.7550    34.7668    22.6239    26.7429 0.0000e+00
     141647     15.000     15.099    26.7946   5.463360    26.7850   5.462738     2.5836     2.5208    98.6272     0.0553     4.6652 1.0108e-01      0.055     1.8588      42.22     -0.780          0          1    199.187    197.415         32    34.7658    22.6078    26.7912    34.7685    22.6129    26.7816 0.0000e+00
     141681     14.000     14.092    26.8115   5.464990    26.7935   5.463474     2.5834     2.5233    98.6048     0.0562     4.6642 9.9868e-02      0.055     1.7899      60.34     -0.734          0          1    198.512    197.356         36    34.7651    22.6019    26.8083    34.7677    22.6096    26.7903 0.0000e+00
     141882     13.000     13.086    26.8168   5.465328    26.8056   5.464527     2.5818     2.5210    98.6045     0.0562     4.6642 1.0034e-01      0.055     1.7386      44.60     -0.629          0          1    198.687    197.150         48    34.7638    22.5992    26.8138    34.7665    22.6047    26.8026 0.0000e+00
     142351     12.000     12.079    26.8278   5.466025    26.8283   5.466403     2.5853     2.5210    98.5996     0.0564     4.6640 9.9345e-02      0.055     1.7547      41.40     -0.634          0          1    198.841    197.000         41    34.7609    22.5934    26.8250    34.7632    22.5950    26.8255 0.0000e+00
     142408     11.000     11.072    26.8325   5.466234    26.8307   5.466459     2.5809     2.5217    98.5904     0.0568     4.6635 1.0026e-01      0.055     1.7382      10.12     -0.538          0          1    198.144    197.122         46    34.7591    22.5905    26.8300    34.7621    22.5933    26.8282 0.0000e+00
     142450     10.000     10.066    26.8383   5.466106    26.8350   5.466579     2.5757     2.5222    98.5366     0.0590     4.6610 9.8459e-02      0.061     1.7230      10.43     -0.563          0          1    197.900    196.946         38    34.7542    22.5848    26.8360    34.7600    22.5903    26.8327 0.0000e+00
     142490      9.000      9.059    26.8363   5.465369    26.8372   5.465123     2.5815     2.5189    98.5032     0.0603     4.6594 1.0284e-01      0.056     1.6878      54.76     -0.612          0          1    198.718    196.678         45    34.7507    22.5828    26.8342    34.7483    22.5807    26.8351 0.0000e+00
     142538      8.000      8.053    26.8335   5.463871    26.8288   5.462452     2.5858     2.5208    98.4845     0.0611     4.6585 1.0485e-01      0.059     1.6601      50.79     -0.496          0          1    198.946    197.049         46    34.7424    22.5773    26.8317    34.7358    22.5738    26.8270 0.0000e+00
     142581      7.000      7.046    26.8191   5.458860    26.8129   5.457491     2.5873     2.5232    98.4755     0.0615     4.6581 1.0106e-01      0.060     1.5922      49.84     -0.564          0          1    199.135    197.293         43    34.7176    22.5632    26.8175    34.7125    22.5613    26.8113 0.0000e+00
     142629      6.000      6.039    26.8117   5.456878    26.8072   5.455747     2.5890     2.5210    98.4503     0.0625     4.6569 1.0122e-01      0.060     1.5855      53.56     -0.505          0          1    199.157    196.754         53    34.7093    22.5592    26.8103    34.7046    22.5570    26.8058 0.0000e+00
     142678      5.000      5.033    26.7846   5.448802    26.7937   5.451391     2.5827     2.5165    98.4584     0.0622     4.6573 9.8301e-02      0.061     1.6089       9.18     -0.482          0          1    198.557    196.654         42    34.6720    22.5397    26.7835    34.6838    22.5456    26.7926 0.0000e+00
     142720      4.000      4.026    26.7892   5.450334    26.7862   5.449455     2.5826     2.5198    98.4246     0.0636     4.6557 9.9641e-02      0.058     1.5789      31.96     -0.580          0          1    198.699    196.994         46    34.6799    22.5440    26.7883    34.6758    22.5419    26.7853 0.0000e+00
     142769      3.000      3.020    26.7847   5.448743    26.7852   5.448952     2.5801     2.5189    98.4136     0.0640     4.6552 9.9039e-02      0.061     1.5353      10.11     -0.479          0          1    198.247    196.839         51    34.6722    22.5396    26.7840    34.6733    22.5402    26.7845 0.0000e+00
     142823      2.000      2.013    26.7762   5.446091    26.7779   5.446615     2.5806     2.5202    98.4340     0.0632     4.6562 9.8035e-02      0.060    14.0481      41.46     -0.443          0          1    198.601    196.985         63    34.6598    22.5329    26.7757    34.6623    22.5342    26.7774 0.0000e+00
     142917      1.000      1.007    26.7747   5.445716    26.7760   5.445972     2.5899     2.5178    97.8894     0.0854     4.6304 9.5361e-02      0.061    53.5611     119.07     -0.082          0          1    199.461    196.734         34    34.6586    22.5324    26.7745    34.6594    22.5326    26.7758 0.0000e+00
