CTDdata/C08M001.cnv
* Sea-Bird SBE 9 Data File:
* FileName = C:\MR1703C\CTDdata\C08M001.hdr
* Software Version Seasave V 7.23.2
* Temperature SN = 031464
* Conductivity SN = 041203
* Number of Bytes Per Scan = 41
* Number of Voltage Words = 4
* Number of Scans Averaged by the Deck Unit = 1
* NMEA Latitude = 25 56.53 N
* NMEA Longitude = 124 59.65 E
* NMEA UTC (Time) = Jun 01 2017 04:54:53
* NMEA baud rate = 4800
** Cruise: MR17-03C
** Station: C08
** Bottom Depth [m]: 1681.0
** Operator: S.Tanihara
# nquan = 29                                
# nvalues = 3338                        
# units = specified
# name 0 = scan: Scan Count
# name 1 = depSM: Depth [salt water, m]
# name 2 = prDM: Pressure, Digiquartz [db]
# name 3 = t090C: Temperature [ITS-90, deg C]
# name 4 = c0S/m: Conductivity [S/m]
# name 5 = t190C: Temperature, 2 [ITS-90, deg C]
# name 6 = c1S/m: Conductivity, 2 [S/m]
# name 7 = sbeox0V: Oxygen raw, SBE 43 [V]
# name 8 = sbeox1V: Oxygen raw, SBE 43, 2 [V]
# name 9 = CStarTr0: Beam Transmission, WET Labs C-Star [%]
# name 10 = CStarAt0: Beam Attenuation, WET Labs C-Star [1/m]
# name 11 = v4: Voltage 4
# name 12 = flSP: Fluorescence, Seapoint
# name 13 = seaTurbMtr: Turbidity, Seapoint [FTU]
# name 14 = wetCDOM: Fluorescence, WET Labs CDOM [mg/m^3]
# name 15 = altM: Altimeter [m]
# name 16 = dz/dtM: Descent Rate [m/s]
# name 17 = modError: Modulo Error Count
# name 18 = pumps: Pump Status
# name 19 = sbeox0Mm/Kg: Oxygen, SBE 43 [umol/kg], WS = 2
# name 20 = sbeox1Mm/Kg: Oxygen, SBE 43, 2 [umol/kg], WS = 2
# name 21 = nbin: number of scans per bin
# name 22 = sal00: Salinity, Practical [PSU]
# name 23 = sigma-é00: Density [sigma-theta, kg/m^3]
# name 24 = potemp090C: Potential Temperature [ITS-90, deg C]
# name 25 = sal11: Salinity, Practical, 2 [PSU]
# name 26 = sigma-é11: Density, 2 [sigma-theta, kg/m^3]
# name 27 = potemp190C: Potential Temperature, 2 [ITS-90, deg C]
# name 28 = flag: flag
# span 0 =      24300,     142917       
# span 1 =      1.000,   1671.000       
# span 2 =      1.007,   1688.734       
# span 3 =     3.7693,    26.8383       
# span 4 =   3.255493,   5.466234       
# span 5 =     3.7702,    26.8372       
# span 6 =   3.255641,   5.466579       
# span 7 =     0.8696,     2.5899       
# span 8 =     0.8482,     2.5233       
# span 9 =    97.8894,    99.9221       
# span 10 =     0.0031,     0.0854      
# span 11 =     4.6304,     4.7265      
# span 12 = 4.1049e-02, 7.2723e-01      
# span 13 =      0.025,      0.091      
# span 14 =     0.4761,    53.5611      
# span 15 =       0.77,     119.07      
# span 16 =     -1.566,      1.386      
# span 17 =          0,          0      
# span 18 =          1,          1      
# span 19 =     68.017,    202.729      
# span 20 =     68.269,    201.032      
# span 21 =         15,        260      
# span 22 =    34.2709,    35.0273      
# span 23 =    22.5324,    27.3884      
# span 24 =     3.6360,    26.8360      
# span 25 =    34.2728,    35.0274      
# span 26 =    22.5326,    27.3894      
# span 27 =     3.6369,    26.8351      
# span 28 = 0.0000e+00, 0.0000e+00      
# interval = meters: 1                  
# start_time = Jun 01 2017 04:54:53 [NMEA time, header]
# bad_flag = -9.990e-29
*END*
[from data line 2701]
     110513    637.000    642.160     6.2450   3.428623     6.2430   3.428582     1.0628     1.0437    99.5343     0.0187     4.7082 4.7769e-02      0.061     8.5021      98.63     -1.083          0          1     86.967     87.264         22    34.3383    27.0059     6.1872    34.3399    27.0074     6.1852 0.0000e+00
     110535    636.000    641.150     6.2571   3.429663     6.2542   3.429565     1.0638     1.0443    99.5308     0.0188     4.7080 4.7618e-02      0.065     8.5119      98.63     -1.102          0          1     87.069     87.473         22    34.3382    27.0043     6.1994    34.3401    27.0061     6.1965 0.0000e+00
     110556    635.000    640.141     6.2662   3.430409     6.2652   3.430483     1.0647     1.0459    99.5086     0.0197     4.7070 4.7674e-02      0.064     8.5231      98.63     -1.118          0          1     87.196     87.609         22    34.3379    27.0028     6.2085    34.3397    27.0044     6.2075 0.0000e+00
     110580    634.000    639.131     6.2738   3.431016     6.2735   3.431136     1.0656     1.0469    99.5085     0.0197     4.7070 4.8825e-02      0.062     8.5347      98.63     -1.083          0          1     87.231     87.700         25    34.3375    27.0015     6.2162    34.3392    27.0029     6.2159 0.0000e+00
     110605    633.000    638.122     6.2759   3.431147     6.2757   3.431268     1.0667     1.0478    99.5085     0.0197     4.7070 4.8701e-02      0.061     8.5479      98.63     -0.993          0          1     87.390     87.702         26    34.3374    27.0011     6.2184    34.3389    27.0024     6.2182 0.0000e+00
     110631    632.000    637.112     6.2770   3.431194     6.2770   3.431316     1.0673     1.0486    99.5179     0.0193     4.7074 4.7607e-02      0.061     8.5580      98.63     -0.922          0          1     87.297     87.640         25    34.3373    27.0009     6.2196    34.3386    27.0020     6.2196 0.0000e+00
     110654    631.000    636.102     6.2801   3.431409     6.2799   3.431512     1.0677     1.0489    99.5257     0.0190     4.7078 4.7619e-02      0.061     8.5720      98.63     -0.984          0          1     87.318     87.600         21    34.3371    27.0003     6.2227    34.3384    27.0014     6.2225 0.0000e+00
     110674    630.000    635.092     6.2808   3.431420     6.2808   3.431537     1.0680     1.0489    99.5087     0.0197     4.7070 4.8126e-02      0.061     8.6017      98.63     -1.125          0          1     87.339     87.651         19    34.3370    27.0001     6.2235    34.3383    27.0012     6.2235 0.0000e+00
     110693    629.000    634.083     6.2827   3.431541     6.2826   3.431659     1.0683     1.0496    99.5085     0.0197     4.7070 4.7684e-02      0.062     8.6182      98.63     -1.235          0          1     87.417     87.855         19    34.3369    26.9998     6.2255    34.3383    27.0009     6.2254 0.0000e+00
     110713    628.000    633.074     6.2833   3.431549     6.2836   3.431681     1.0687     1.0501    99.5085     0.0197     4.7070 4.7951e-02      0.061     8.6379      98.63     -1.241          0          1     87.406     87.776         22    34.3369    26.9997     6.2262    34.3380    27.0006     6.2265 0.0000e+00
     110738    627.000    632.064     6.2857   3.431719     6.2857   3.431827     1.0688     1.0502    99.5085     0.0197     4.7070 4.7753e-02      0.061     8.6735      98.63     -1.095          0          1     87.372     87.739         29    34.3368    26.9994     6.2287    34.3380    27.0003     6.2287 0.0000e+00
     110770    626.000    631.054     6.2865   3.431723     6.2867   3.431856     1.0695     1.0507    99.5085     0.0197     4.7070 4.7618e-02      0.061     8.6892      98.63     -0.804          0          1     87.511     87.845         32    34.3366    26.9990     6.2296    34.3379    27.0000     6.2298 0.0000e+00
     110798    625.000    630.045     6.2884   3.431855     6.2879   3.431938     1.0697     1.0511    99.5085     0.0197     4.7070 4.7619e-02      0.061     8.6138      98.63     -0.797          0          1     87.575     87.870         25    34.3366    26.9988     6.2316    34.3381    27.0000     6.2311 0.0000e+00
     110821    624.000    629.035     6.2934   3.432240     6.2933   3.432357     1.0704     1.0511    99.5085     0.0197     4.7070 4.7619e-02      0.061     8.6104      98.63     -0.965          0          1     87.658     87.795         21    34.3364    26.9980     6.2366    34.3378    26.9991     6.2365 0.0000e+00
     110842    623.000    628.025     6.2940   3.432264     6.2940   3.432386     1.0707     1.0514    99.5085     0.0197     4.7070 4.7619e-02      0.061     8.6302      98.63     -1.097          0          1     87.473     87.992         21    34.3365    26.9980     6.2373    34.3379    26.9991     6.2373 0.0000e+00
     110864    622.000    627.016     6.2985   3.432617     6.2990   3.432762     1.0706     1.0520    99.5085     0.0197     4.7070 4.7619e-02      0.061     8.6521      98.63     -1.144          0          1     87.522     88.076         22    34.3364    26.9973     6.2419    34.3376    26.9982     6.2424 0.0000e+00
     110887    621.000    626.006     6.2992   3.432621     6.2993   3.432744     1.0710     1.0524    99.5085     0.0197     4.7070 4.7619e-02      0.061     8.6303      98.63     -1.093          0          1     87.707     88.086         26    34.3363    26.9971     6.2427    34.3375    26.9981     6.2428 0.0000e+00
     110917    620.000    624.997     6.3044   3.433069     6.3014   3.432864     1.0716     1.0531    99.5213     0.0192     4.7076 4.8727e-02      0.061     8.6069      98.63     -0.879          0          1     87.777     88.137         34    34.3365    26.9966     6.2480    34.3373    26.9976     6.2450 0.0000e+00
     110950    619.000    623.987     6.3050   3.433031     6.3039   3.433050     1.0721     1.0535    99.5345     0.0187     4.7082 4.8635e-02      0.061     8.5680      98.63     -0.723          0          1     87.750     88.112         30    34.3360    26.9961     6.2487    34.3373    26.9973     6.2476 0.0000e+00
     110977    618.000    622.978     6.3093   3.433401     6.3080   3.433394     1.0725     1.0538    99.5144     0.0195     4.7073 4.7901e-02      0.061     8.5622      98.63     -0.833          0          1     87.849     88.230         25    34.3363    26.9958     6.2530    34.3375    26.9969     6.2517 0.0000e+00
     111002    617.000    621.968     6.3184   3.434148     6.3167   3.434118     1.0727     1.0544    99.5084     0.0197     4.7070 4.7614e-02      0.061     8.5800      98.63     -0.950          0          1     87.803     88.343         24    34.3360    26.9943     6.2622    34.3373    26.9956     6.2605 0.0000e+00
     111026    616.000    620.958     6.3215   3.434365     6.3210   3.434442     1.0730     1.0548    99.5085     0.0197     4.7070 4.7619e-02      0.061     8.5728      98.63     -1.002          0          1     87.812     88.270         24    34.3358    26.9938     6.2654    34.3371    26.9949     6.2649 0.0000e+00
     111051    615.000    619.949     6.3227   3.434414     6.3226   3.434535     1.0734     1.0552    99.5085     0.0197     4.7070 4.7619e-02      0.061     8.5340      98.63     -0.998          0          1     87.854     88.398         27    34.3356    26.9935     6.2667    34.3370    26.9946     6.2666 0.0000e+00
     111081    614.000    618.939     6.3226   3.434367     6.3227   3.434494     1.0739     1.0558    99.5164     0.0194     4.7074 4.8059e-02      0.061     8.4827      98.63     -0.867          0          1     87.966     88.419         35    34.3357    26.9935     6.2667    34.3370    26.9945     6.2668 0.0000e+00
     111121    613.000    617.930     6.3217   3.434241     6.3219   3.434355     1.0740     1.0560    99.5345     0.0187     4.7082 4.8554e-02      0.061     8.4104      98.63     -0.619          0          1     87.924     88.318         42    34.3357    26.9936     6.2659    34.3367    26.9944     6.2661 0.0000e+00
     111157    612.000    616.920     6.3254   3.434538     6.3249   3.434624     1.0748     1.0564    99.5276     0.0190     4.7079 4.7612e-02      0.061     8.4363      98.63     -0.636          0          1     88.339     88.624         31    34.3357    26.9932     6.2696    34.3372    26.9944     6.2691 0.0000e+00
     111185    611.000    615.911     6.3951   3.440742     6.3931   3.440788     1.0765     1.0578    99.5085     0.0197     4.7070 4.7619e-02      0.061     8.4100      98.63     -0.805          0          1     88.687     88.858         26    34.3353    26.9838     6.3391    34.3378    26.9861     6.3371 0.0000e+00
     111213    610.000    614.901     6.4314   3.443693     6.4339   3.444044     1.0784     1.0589    99.5212     0.0192     4.7076 4.7619e-02      0.061     8.4024      98.63     -0.895          0          1     88.850     89.036         30    34.3322    26.9767     6.3753    34.3336    26.9774     6.3778 0.0000e+00
     111248    609.000    613.892     6.4303   3.443564     6.4324   3.443868     1.0804     1.0613    99.5086     0.0197     4.7070 4.8743e-02      0.061     8.4403      98.63     -0.729          0          1     89.064     89.444         40    34.3324    26.9769     6.3743    34.3337    26.9776     6.3764 0.0000e+00
     111286    608.000    612.882     6.4265   3.443159     6.4234   3.442964     1.0817     1.0633    99.5318     0.0188     4.7081 4.8371e-02      0.061     8.4480      98.63     -0.623          0          1     88.964     89.489         32    34.3322    26.9772     6.3707    34.3331    26.9784     6.3676 0.0000e+00
     111315    607.000    611.873     6.4313   3.443554     6.4340   3.443974     1.0824     1.0640    99.5164     0.0194     4.7074 4.7631e-02      0.061     8.4628      98.63     -0.784          0          1     89.029     89.505         27    34.3322    26.9766     6.3755    34.3342    26.9778     6.3782 0.0000e+00
     111344    606.000    610.863     6.4425   3.444479     6.4421   3.444561     1.0828     1.0649    99.5299     0.0189     4.7080 4.7917e-02      0.061     8.4544      98.63     -0.844          0          1     89.031     89.550         35    34.3318    26.9748     6.3868    34.3331    26.9759     6.3864 0.0000e+00
     111394    605.000    609.854     6.4422   3.444390     6.4420   3.444477     1.0838     1.0658    99.5169     0.0194     4.7074 4.7612e-02      0.061     8.3860      98.63     -0.482          0          1     89.159     89.635         59    34.3316    26.9747     6.3866    34.3328    26.9756     6.3864 0.0000e+00
     111443    604.000    608.844     6.4422   3.444330     6.4410   3.444350     1.0844     1.0666    99.5086     0.0197     4.7070 4.7619e-02      0.065     8.4206      98.63     -0.513          0          1     89.238     89.584         41    34.3314    26.9745     6.3867    34.3328    26.9758     6.3855 0.0000e+00
     111499    603.000    607.835     6.4626   3.446122     6.4595   3.445963     1.0856     1.0671    99.5151     0.0194     4.7073 4.7643e-02      0.065     8.4597      98.63     -0.407          0          1     89.421     89.762         88    34.3314    26.9718     6.4071    34.3327    26.9733     6.4040 0.0000e+00
     111588    602.000    606.825     6.4773   3.447328     6.4791   3.447582     1.0877     1.0684    99.5079     0.0197     4.7070 4.7201e-02      0.064     8.4610      98.63     -0.261          0          1     89.664     89.831         60    34.3305    26.9692     6.4218    34.3315    26.9698     6.4236 0.0000e+00
     111634    601.000    605.816     6.4737   3.446990     6.4719   3.446948     1.0880     1.0693    99.5085     0.0197     4.7070 4.7614e-02      0.067     8.3985      98.63     -0.517          0          1     89.605     89.999         44    34.3309    26.9699     6.4183    34.3322    26.9712     6.4165 0.0000e+00
     112272    600.000    604.806     6.4792   3.447415     6.4781   3.447412     1.0890     1.0700    99.5085     0.0197     4.7070 4.7619e-02      0.063     8.4815      98.63     -0.463          0          1     89.747     90.041         71    34.3305    26.9690     6.4239    34.3316    26.9700     6.4228 0.0000e+00
     113486    599.000    603.797     6.4766   3.447135     6.4769   3.447265     1.0904     1.0706    99.4957     0.0202     4.7064 4.8671e-02      0.060     8.6165      90.86     -0.456          0          1     89.896     90.040         50    34.3305    26.9693     6.4214    34.3317    26.9701     6.4217 0.0000e+00
     113502    598.000    602.787     6.4770   3.447128     6.4773   3.447258     1.0905     1.0707    99.5086     0.0197     4.7070 4.8166e-02      0.061     8.6474      69.20     -0.537          0          1     89.925     90.178         42    34.3305    26.9692     6.4219    34.3317    26.9701     6.4222 0.0000e+00
     113543    597.000    601.778     6.4839   3.447717     6.4830   3.447746     1.0905     1.0715    99.5085     0.0197     4.7070 4.7488e-02      0.061     8.6436      99.01     -0.587          0          1     89.916     90.291         40    34.3307    26.9684     6.4288    34.3319    26.9695     6.4280 0.0000e+00
     113581    596.000    600.768     6.4911   3.448297     6.4894   3.448282     1.0911     1.0718    99.5085     0.0197     4.7070 4.7314e-02      0.061     8.6046      98.63     -0.637          0          1     90.051     90.160         36    34.3304    26.9672     6.4361    34.3319    26.9686     6.4344 0.0000e+00
     113618    595.000    599.759     6.5023   3.449275     6.4991   3.449092     1.0913     1.0722    99.5085     0.0197     4.7070 4.7464e-02      0.061     8.5491      98.63     -0.658          0          1     90.008     90.339         40    34.3305    26.9658     6.4474    34.3317    26.9672     6.4442 0.0000e+00
     113659    594.000    598.749     6.5041   3.449381     6.5020   3.449317     1.0919     1.0727    99.5085     0.0197     4.7070 4.7624e-02      0.063     8.5084      83.58     -0.577          0          1     90.111     90.373         39    34.3304    26.9655     6.4492    34.3317    26.9668     6.4472 0.0000e+00
     113691    593.000    597.740     6.5060   3.449515     6.5042   3.449497     1.0922     1.0732    99.5085     0.0197     4.7070 4.8151e-02      0.067     8.4985      92.69     -0.689          0          1     90.176     90.434         26    34.3304    26.9653     6.4512    34.3320    26.9668     6.4494 0.0000e+00
     113715    592.000    596.731     6.5161   3.450386     6.5162   3.450532     1.0927     1.0734    99.5073     0.0197     4.7069 4.8857e-02      0.067     8.5104      98.78     -0.917          0          1     90.237     90.494         22    34.3305    26.9640     6.4614    34.3320    26.9651     6.4615 0.0000e+00
     113737    591.000    595.721     6.5221   3.450897     6.5219   3.450974     1.0931     1.0741    99.4832     0.0207     4.7057 4.7648e-02      0.066     8.4877      98.63     -1.070          0          1     90.362     90.596         22    34.3306    26.9633     6.4675    34.3317    26.9641     6.4673 0.0000e+00
     113762    590.000    594.712     6.5274   3.451312     6.5281   3.451485     1.0938     1.0746    99.4826     0.0207     4.7057 4.7619e-02      0.067     8.4997      98.63     -1.057          0          1     90.390     90.730         28    34.3304    26.9624     6.4728    34.3316    26.9633     6.4735 0.0000e+00
     113795    589.000    593.702     6.5280   3.451316     6.5279   3.451420     1.0943     1.0754    99.4826     0.0207     4.7057 4.7619e-02      0.065     8.5163      98.63     -0.787          0          1     90.351     90.653         37    34.3303    26.9622     6.4735    34.3316    26.9632     6.4734 0.0000e+00
