CTDdata/C08M001.cnv
* Sea-Bird SBE 9 Data File:
* FileName = C:\MR1703C\CTDdata\C08M001.hdr
* Software Version Seasave V 7.23.2
* Temperature SN = 031464
* Conductivity SN = 041203
* Number of Bytes Per Scan = 41
* Number of Voltage Words = 4
* Number of Scans Averaged by the Deck Unit = 1
* NMEA Latitude = 25 56.53 N
* NMEA Longitude = 124 59.65 E
* NMEA UTC (Time) = Jun 01 2017 04:54:53
* NMEA baud rate = 4800
** Cruise: MR17-03C
** Station: C08
** Bottom Depth [m]: 1681.0
** Operator: S.Tanihara
# nquan = 29                                
# nvalues = 3338                        
# units = specified
# name 0 = scan: Scan Count
# name 1 = depSM: Depth [salt water, m]
# name 2 = prDM: Pressure, Digiquartz [db]
# name 3 = t090C: Temperature [ITS-90, deg C]
# name 4 = c0S/m: Conductivity [S/m]
# name 5 = t190C: Temperature, 2 [ITS-90, deg C]
# name 6 = c1S/m: Conductivity, 2 [S/m]
# name 7 = sbeox0V: Oxygen raw, SBE 43 [V]
# name 8 = sbeox1V: Oxygen raw, SBE 43, 2 [V]
# name 9 = CStarTr0: Beam Transmission, WET Labs C-Star [%]
# name 10 = CStarAt0: Beam Attenuation, WET Labs C-Star [1/m]
# name 11 = v4: Voltage 4
# name 12 = flSP: Fluorescence, Seapoint
# name 13 = seaTurbMtr: Turbidity, Seapoint [FTU]
# name 14 = wetCDOM: Fluorescence, WET Labs CDOM [mg/m^3]
# name 15 = altM: Altimeter [m]
# name 16 = dz/dtM: Descent Rate [m/s]
# name 17 = modError: Modulo Error Count
# name 18 = pumps: Pump Status
# name 19 = sbeox0Mm/Kg: Oxygen, SBE 43 [umol/kg], WS = 2
# name 20 = sbeox1Mm/Kg: Oxygen, SBE 43, 2 [umol/kg], WS = 2
# name 21 = nbin: number of scans per bin
# name 22 = sal00: Salinity, Practical [PSU]
# name 23 = sigma-é00: Density [sigma-theta, kg/m^3]
# name 24 = potemp090C: Potential Temperature [ITS-90, deg C]
# name 25 = sal11: Salinity, Practical, 2 [PSU]
# name 26 = sigma-é11: Density, 2 [sigma-theta, kg/m^3]
# name 27 = potemp190C: Potential Temperature, 2 [ITS-90, deg C]
# name 28 = flag: flag
# span 0 =      24300,     142917       
# span 1 =      1.000,   1671.000       
# span 2 =      1.007,   1688.734       
# span 3 =     3.7693,    26.8383       
# span 4 =   3.255493,   5.466234       
# span 5 =     3.7702,    26.8372       
# span 6 =   3.255641,   5.466579       
# span 7 =     0.8696,     2.5899       
# span 8 =     0.8482,     2.5233       
# span 9 =    97.8894,    99.9221       
# span 10 =     0.0031,     0.0854      
# span 11 =     4.6304,     4.7265      
# span 12 = 4.1049e-02, 7.2723e-01      
# span 13 =      0.025,      0.091      
# span 14 =     0.4761,    53.5611      
# span 15 =       0.77,     119.07      
# span 16 =     -1.566,      1.386      
# span 17 =          0,          0      
# span 18 =          1,          1      
# span 19 =     68.017,    202.729      
# span 20 =     68.269,    201.032      
# span 21 =         15,        260      
# span 22 =    34.2709,    35.0273      
# span 23 =    22.5324,    27.3884      
# span 24 =     3.6360,    26.8360      
# span 25 =    34.2728,    35.0274      
# span 26 =    22.5326,    27.3894      
# span 27 =     3.6369,    26.8351      
# span 28 = 0.0000e+00, 0.0000e+00      
# interval = meters: 1                  
# start_time = Jun 01 2017 04:54:53 [NMEA time, header]
# bad_flag = -9.990e-29
*END*
[from data line 451]
      36622    455.000    458.483     8.4545   3.615671     8.4558   3.616148     1.3195     1.2939    99.5085     0.0197     4.7070 4.5177e-02      0.049     7.3616      98.63      1.155          0          1    116.235    115.113         20    34.2754    26.6434     8.4063    34.2792    26.6462     8.4076 0.0000e+00
      36643    456.000    459.492     8.4286   3.613303     8.4299   3.613777     1.3169     1.2903    99.5085     0.0197     4.7070 4.5177e-02      0.049     7.3871      98.63      1.164          0          1    115.899    114.667         22    34.2750    26.6471     8.3803    34.2788    26.6498     8.3816 0.0000e+00
      36665    457.000    460.501     8.4039   3.611016     8.4053   3.611505     1.3137     1.2871    99.5085     0.0197     4.7070 4.5177e-02      0.049     7.4130      98.63      1.131          0          1    115.510    114.307         22    34.2743    26.6503     8.3556    34.2781    26.6531     8.3570 0.0000e+00
      36687    458.000    461.510     8.3541   3.606304     8.3561   3.606818     1.3104     1.2836    99.5085     0.0197     4.7070 4.5285e-02      0.049     7.4605      98.63      1.083          0          1    115.074    114.013         23    34.2723    26.6563     8.3059    34.2758    26.6588     8.3079 0.0000e+00
      36710    459.000    462.519     8.3187   3.603015     8.3199   3.603488     1.3070     1.2802    99.5216     0.0192     4.7076 4.5288e-02      0.049     7.5154      98.63      1.067          0          1    114.781    113.686         22    34.2713    26.6609     8.2705    34.2752    26.6638     8.2717 0.0000e+00
      36731    460.000    463.528     8.2941   3.600808     8.2948   3.601223     1.3038     1.2773    99.5343     0.0187     4.7082 4.5177e-02      0.049     7.5336      98.63      1.094          0          1    114.534    113.400         22    34.2714    26.6647     8.2459    34.2751    26.6675     8.2466 0.0000e+00
      36752    461.000    464.536     8.2689   3.598497     8.2690   3.598879     1.3019     1.2745    99.5343     0.0187     4.7082 4.5177e-02      0.049     7.5180      98.63      1.136          0          1    114.433    113.139         20    34.2709    26.6681     8.2207    34.2748    26.6712     8.2208 0.0000e+00
      36774    462.000    465.545     8.2560   3.597367     8.2575   3.597907     1.2989     1.2722    99.5343     0.0187     4.7082 4.5177e-02      0.049     7.4909      98.63      1.153          0          1    114.126    113.009         22    34.2709    26.6701     8.2077    34.2752    26.6732     8.2092 0.0000e+00
      36796    463.000    466.553     8.2482   3.596713     8.2493   3.597242     1.2973     1.2698    99.5343     0.0187     4.7082 4.5177e-02      0.054     7.4653      98.63      1.126          0          1    114.025    112.818         23    34.2711    26.6714     8.1998    34.2756    26.6748     8.2009 0.0000e+00
      36819    464.000    467.562     8.2439   3.596368     8.2449   3.596885     1.2952     1.2678    99.5343     0.0187     4.7082 4.5177e-02      0.051     7.4506      98.63      1.065          0          1    114.014    112.675         23    34.2711    26.6721     8.1954    34.2757    26.6755     8.1964 0.0000e+00
      36842    465.000    468.571     8.2406   3.596124     8.2411   3.596608     1.2938     1.2662    99.5343     0.0187     4.7082 4.5177e-02      0.049     7.4234      98.63      1.041          0          1    113.837    112.652         23    34.2713    26.6728     8.1920    34.2759    26.6763     8.1925 0.0000e+00
      36864    466.000    469.580     8.2347   3.595663     8.2352   3.596149     1.2928     1.2652    99.5307     0.0188     4.7080 4.5177e-02      0.049     7.4294      98.63      1.077          0          1    113.803    112.615         21    34.2717    26.6740     8.1860    34.2763    26.6776     8.1865 0.0000e+00
      36885    467.000    470.589     8.2262   3.594955     8.2271   3.595490     1.2913     1.2642    99.5084     0.0197     4.7070 4.5177e-02      0.050     7.4341      98.63      1.133          0          1    113.448    112.466         20    34.2719    26.6755     8.1775    34.2768    26.6791     8.1783 0.0000e+00
      36906    468.000    471.597     8.2202   3.594497     8.2215   3.595046     1.2903     1.2630    99.5085     0.0197     4.7070 4.5177e-02      0.053     7.4438      98.63      1.160          0          1    113.568    112.413         22    34.2724    26.6768     8.1714    34.2770    26.6802     8.1727 0.0000e+00
      36927    469.000    472.607     8.2177   3.594334     8.2189   3.594909     1.2894     1.2625    99.5177     0.0193     4.7074 4.5177e-02      0.054     7.4872      98.63      1.143          0          1    113.474    112.393         22    34.2727    26.6774     8.1688    34.2776    26.6811     8.1700 0.0000e+00
      36949    470.000    473.616     8.2121   3.593876     8.2138   3.594480     1.2889     1.2614    99.5237     0.0191     4.7077 4.5177e-02      0.053     7.5024      98.63      1.112          0          1    113.355    112.133         22    34.2728    26.6783     8.1631    34.2776    26.6818     8.1648 0.0000e+00
      36972    471.000    474.624     8.2072   3.593493     8.2083   3.594048     1.2872     1.2600    99.5087     0.0197     4.7070 4.5177e-02      0.049     7.5091      98.63      1.088          0          1    112.955    111.893         23    34.2730    26.6792     8.1581    34.2778    26.6829     8.1592 0.0000e+00
      36994    472.000    475.633     8.1566   3.588811     8.1568   3.589188     1.2857     1.2584    99.4968     0.0202     4.7064 4.5177e-02      0.050     7.5245      98.63      1.067          0          1    112.450    111.549         22    34.2720    26.6860     8.1076    34.2758    26.6890     8.1078 0.0000e+00
      37017    473.000    476.642     8.0747   3.581530     8.0774   3.582119     1.2819     1.2561    99.4826     0.0207     4.7057 4.5455e-02      0.055     7.5123      98.63      1.076          0          1    111.940    111.158         22    34.2737    26.6996     8.0258    34.2774    26.7021     8.0285 0.0000e+00
      37038    474.000    477.651     8.0389   3.578347     8.0424   3.579041     1.2792     1.2531    99.4826     0.0207     4.7057 4.5582e-02      0.055     7.4861      98.63      1.114          0          1    111.588    110.681         21    34.2742    26.7053     7.9901    34.2782    26.7079     7.9936 0.0000e+00
      37058    475.000    478.660     8.0222   3.576890     8.0244   3.577510     1.2758     1.2501    99.4826     0.0207     4.7057 4.5180e-02      0.055     7.4752      98.63      1.157          0          1    111.369    110.316         20    34.2745    26.7080     7.9733    34.2790    26.7112     7.9755 0.0000e+00
      37079    476.000    479.668     8.0155   3.576312     8.0175   3.576942     1.2738     1.2474    99.4826     0.0207     4.7057 4.5177e-02      0.055     7.4609      98.63      1.171          0          1    111.294    110.084         21    34.2744    26.7089     7.9665    34.2792    26.7124     7.9685 0.0000e+00
      37101    477.000    480.678     8.0096   3.575812     8.0097   3.576268     1.2716     1.2448    99.4730     0.0211     4.7053 4.5834e-02      0.055     7.4624      98.63      1.139          0          1    111.176    110.016         24    34.2743    26.7098     7.9606    34.2791    26.7135     7.9606 0.0000e+00
      37126    478.000    481.687     8.0018   3.575159     8.0015   3.575589     1.2696     1.2431    99.4568     0.0218     4.7045 4.5380e-02      0.055     7.4453      98.63      1.042          0          1    110.896    110.000         24    34.2745    26.7111     7.9527    34.2794    26.7149     7.9524 0.0000e+00
      37150    479.000    482.695     7.9844   3.573663     7.9854   3.574204     1.2681     1.2411    99.4568     0.0218     4.7045 4.6213e-02      0.055     7.4517      98.63      0.981          0          1    110.886    109.687         25    34.2750    26.7141     7.9352    34.2798    26.7177     7.9362 0.0000e+00
      37174    480.000    483.704     7.9758   3.572946     7.9773   3.573553     1.2659     1.2396    99.4439     0.0223     4.7039 4.6398e-02      0.055     7.4426      98.63      1.002          0          1    110.417    109.694         22    34.2753    26.7156     7.9266    34.2803    26.7193     7.9280 0.0000e+00
      37195    481.000    484.712     7.9665   3.572171     7.9668   3.572642     1.2645     1.2386    99.4308     0.0228     4.7033 4.6398e-02      0.058     7.4588      98.63      1.079          0          1    110.321    109.450         20    34.2756    26.7172     7.9172    34.2804    26.7209     7.9175 0.0000e+00
      37215    482.000    485.722     7.9421   3.570010     7.9434   3.570538     1.2625     1.2366    99.4310     0.0228     4.7033 4.6398e-02      0.061     7.4715      98.63      1.165          0          1    109.964    109.072         20    34.2759    26.7210     7.8928    34.2802    26.7242     7.8941 0.0000e+00
      37234    483.000    486.731     7.9123   3.567424     7.9143   3.568030     1.2609     1.2348    99.4310     0.0228     4.7033 4.6398e-02      0.061     7.4657      98.63      1.224          0          1    109.923    108.992         20    34.2768    26.7261     7.8630    34.2814    26.7294     7.8650 0.0000e+00
      37254    484.000    487.739     7.8907   3.565578     7.8926   3.566187     1.2589     1.2335    99.4055     0.0239     4.7021 4.6217e-02      0.061     7.4945      98.63      1.234          0          1    109.741    108.822         20    34.2777    26.7300     7.8413    34.2824    26.7334     7.8432 0.0000e+00
      37275    485.000    488.748     7.8845   3.565044     7.8859   3.565641     1.2578     1.2314    99.4180     0.0234     4.7027 4.5571e-02      0.061     7.5000      98.63      1.191          0          1    109.695    108.483         22    34.2776    26.7308     7.8351    34.2826    26.7346     7.8364 0.0000e+00
      37298    486.000    489.758     7.8796   3.564659     7.8803   3.565190     1.2560     1.2296    99.4310     0.0228     4.7033 4.5495e-02      0.061     7.4838      98.63      1.112          0          1    109.396    108.458         23    34.2778    26.7317     7.8301    34.2828    26.7355     7.8308 0.0000e+00
      37322    487.000    490.767     7.8762   3.564387     7.8776   3.564986     1.2549     1.2280    99.4310     0.0228     4.7033 4.5617e-02      0.061     7.4852      98.63      1.036          0          1    109.556    108.210         25    34.2777    26.7322     7.8266    34.2828    26.7359     7.8280 0.0000e+00
      37346    488.000    491.775     7.8610   3.563051     7.8632   3.563709     1.2535     1.2263    99.4120     0.0236     4.7024 4.5785e-02      0.061     7.4699      98.63      1.004          0          1    109.240    108.142         24    34.2778    26.7345     7.8113    34.2827    26.7380     7.8135 0.0000e+00
      37370    489.000    492.784     7.8426   3.561419     7.8436   3.561936     1.2523     1.2251    99.4052     0.0239     4.7021 4.6402e-02      0.061     7.5038      98.63      1.012          0          1    108.913    108.010         22    34.2778    26.7372     7.7929    34.2824    26.7407     7.7939 0.0000e+00
      37392    490.000    493.793     7.8109   3.558684     7.8118   3.559227     1.2497     1.2238    99.4052     0.0239     4.7021 4.6398e-02      0.061     7.5514      98.63      1.058          0          1    108.535    107.767         21    34.2790    26.7428     7.7612    34.2840    26.7466     7.7621 0.0000e+00
      37412    491.000    494.802     7.7768   3.555607     7.7771   3.555922     1.2483     1.2219    99.4052     0.0239     4.7021 4.6398e-02      0.061     7.5507      98.63      1.141          0          1    108.314    107.417         20    34.2789    26.7477     7.7271    34.2820    26.7501     7.7274 0.0000e+00
      37432    492.000    495.811     7.7419   3.552539     7.7433   3.553050     1.2453     1.2199    99.3892     0.0245     4.7014 4.5992e-02      0.061     7.5186      98.63      1.200          0          1    107.842    107.179         21    34.2797    26.7533     7.6922    34.2838    26.7564     7.6936 0.0000e+00
      37454    493.000    496.820     7.7201   3.550619     7.7207   3.551110     1.2432     1.2175    99.3793     0.0249     4.7009 4.5176e-02      0.061     7.5137      98.63      1.175          0          1    107.721    106.869         22    34.2799    26.7567     7.6704    34.2846    26.7603     7.6710 0.0000e+00
      37477    494.000    497.829     7.7125   3.549924     7.7122   3.550335     1.2403     1.2152    99.3793     0.0249     4.7009 4.5177e-02      0.065     7.5467      98.63      1.080          0          1    107.488    106.686         24    34.2794    26.7574     7.6627    34.2841    26.7612     7.6624 0.0000e+00
      37500    495.000    498.838     7.7080   3.549557     7.7076   3.549986     1.2391     1.2135    99.3793     0.0249     4.7009 4.5602e-02      0.066     7.5824      98.63      1.035          0          1    107.594    106.549         23    34.2794    26.7581     7.6582    34.2844    26.7621     7.6578 0.0000e+00
      37522    496.000    499.847     7.7032   3.549124     7.7046   3.549730     1.2375     1.2117    99.3793     0.0249     4.7009 4.6394e-02      0.061     7.6305      98.63      1.067          0          1    107.473    106.450         21    34.2790    26.7585     7.6533    34.2841    26.7623     7.6547 0.0000e+00
      37543    497.000    500.856     7.6995   3.548826     7.7009   3.549444     1.2369     1.2106    99.3793     0.0249     4.7009 4.6398e-02      0.061     7.6424      98.63      1.133          0          1    107.425    106.420         20    34.2789    26.7590     7.6495    34.2842    26.7629     7.6509 0.0000e+00
      37563    498.000    501.865     7.7010   3.549010     7.7029   3.549687     1.2357     1.2096    99.3793     0.0249     4.7009 4.6398e-02      0.061     7.6549      98.63      1.180          0          1    107.311    106.497         21    34.2790    26.7588     7.6509    34.2844    26.7628     7.6528 0.0000e+00
      37584    499.000    502.874     7.7004   3.548996     7.7015   3.549585     1.2355     1.2095    99.4004     0.0241     4.7019 4.6398e-02      0.065     7.7008      98.63      1.168          0          1    107.437    106.470         22    34.2789    26.7589     7.6502    34.2842    26.7628     7.6513 0.0000e+00
      37607    500.000    503.883     7.6982   3.548842     7.6987   3.549380     1.2343     1.2085    99.4052     0.0239     4.7021 4.6093e-02      0.067     7.6884      98.63      1.092          0          1    107.253    106.280         24    34.2790    26.7592     7.6479    34.2843    26.7633     7.6484 0.0000e+00
      37631    501.000    504.892     7.6994   3.549015     7.6987   3.549457     1.2345     1.2078    99.4052     0.0239     4.7021 4.5705e-02      0.067     7.6587      98.63      1.029          0          1    107.427    106.228         23    34.2792    26.7592     7.6490    34.2846    26.7636     7.6483 0.0000e+00
      37654    502.000    505.901     7.6974   3.548856     7.6957   3.549189     1.2337     1.2069    99.4052     0.0239     4.7021 4.6405e-02      0.067     7.6399      98.63      1.042          0          1    107.179    106.171         22    34.2790    26.7594     7.6469    34.2842    26.7637     7.6452 0.0000e+00
      37675    503.000    506.910     7.6920   3.548402     7.6946   3.549128     1.2334     1.2066    99.4052     0.0239     4.7021 4.6398e-02      0.067     7.5830      98.63      1.098          0          1    107.219    106.275         21    34.2789    26.7601     7.6414    34.2842    26.7639     7.6440 0.0000e+00
