CTDdata/C09M001.cnv
* Sea-Bird SBE 9 Data File:
* FileName = C:\MR1703C\CTDdata\C09M001.hdr
* Software Version Seasave V 7.23.2
* Temperature SN = 031464
* Conductivity SN = 041203
* Number of Bytes Per Scan = 41
* Number of Voltage Words = 4
* Number of Scans Averaged by the Deck Unit = 1
* NMEA Latitude = 25 30.13 N
* NMEA Longitude = 124 00.74 E
* NMEA UTC (Time) = Jun 01 2017 10:42:32
* NMEA baud rate = 4800
** Cruise: MR17-03C
** Station: C09
** Bottom Depth [m]: 1914.0
** Operator: S.Tanihara
# nquan = 29                                
# nvalues = 3776                        
# units = specified
# name 0 = scan: Scan Count
# name 1 = depSM: Depth [salt water, m]
# name 2 = prDM: Pressure, Digiquartz [db]
# name 3 = t090C: Temperature [ITS-90, deg C]
# name 4 = c0S/m: Conductivity [S/m]
# name 5 = t190C: Temperature, 2 [ITS-90, deg C]
# name 6 = c1S/m: Conductivity, 2 [S/m]
# name 7 = sbeox0V: Oxygen raw, SBE 43 [V]
# name 8 = sbeox1V: Oxygen raw, SBE 43, 2 [V]
# name 9 = CStarTr0: Beam Transmission, WET Labs C-Star [%]
# name 10 = CStarAt0: Beam Attenuation, WET Labs C-Star [1/m]
# name 11 = v4: Voltage 4
# name 12 = flSP: Fluorescence, Seapoint
# name 13 = seaTurbMtr: Turbidity, Seapoint [FTU]
# name 14 = wetCDOM: Fluorescence, WET Labs CDOM [mg/m^3]
# name 15 = altM: Altimeter [m]
# name 16 = dz/dtM: Descent Rate [m/s]
# name 17 = modError: Modulo Error Count
# name 18 = pumps: Pump Status
# name 19 = sbeox0Mm/Kg: Oxygen, SBE 43 [umol/kg], WS = 2
# name 20 = sbeox1Mm/Kg: Oxygen, SBE 43, 2 [umol/kg], WS = 2
# name 21 = nbin: number of scans per bin
# name 22 = sal00: Salinity, Practical [PSU]
# name 23 = sigma-é00: Density [sigma-theta, kg/m^3]
# name 24 = potemp090C: Potential Temperature [ITS-90, deg C]
# name 25 = sal11: Salinity, Practical, 2 [PSU]
# name 26 = sigma-é11: Density, 2 [sigma-theta, kg/m^3]
# name 27 = potemp190C: Potential Temperature, 2 [ITS-90, deg C]
# name 28 = flag: flag
# span 0 =      23310,     158379       
# span 1 =      1.000,   1890.000       
# span 2 =      1.007,   1910.998       
# span 3 =     3.8021,    27.4519       
# span 4 =   3.262108,   5.485011       
# span 5 =     3.8027,    27.4526       
# span 6 =   3.262294,   5.485417       
# span 7 =     0.8579,     2.5915       
# span 8 =     0.8311,     2.5242       
# span 9 =    97.9255,    99.8961       
# span 10 =     0.0042,     0.0839      
# span 11 =     4.6321,     4.7253      
# span 12 = 3.9067e-02, 7.7381e-01      
# span 13 =      0.024,      0.114      
# span 14 =     0.6375,   115.8314      
# span 15 =       1.53,     105.95      
# span 16 =     -1.439,      1.440      
# span 17 =          0,          0      
# span 18 =          1,          1      
# span 19 =     68.283,    202.613      
# span 20 =     65.776,    200.438      
# span 21 =         16,        241      
# span 22 =    34.2920,    35.0389      
# span 23 =    22.1469,    27.3863      
# span 24 =     3.6478,    27.4503      
# span 25 =    34.2950,    35.0433      
# span 26 =    22.1483,    27.3872      
# span 27 =     3.6484,    27.4516      
# span 28 = 0.0000e+00, 0.0000e+00      
# interval = meters: 1                  
# start_time = Jun 01 2017 10:42:32 [NMEA time, header]
# bad_flag = -9.990e-29
*END*
[from data line 2851]
     107223    925.000    933.114     4.7742   3.314804     4.7739   3.314905     0.9462     0.9274    99.5317     0.0188     4.7081 5.0049e-02      0.060     9.2238      98.63     -0.824          0          1     73.725     74.329         31    34.3982    27.2323     4.6987    34.3996    27.2335     4.6984 0.0000e+00
     107259    924.000    932.103     4.7773   3.315020     4.7778   3.315165     0.9467     0.9277    99.5343     0.0187     4.7082 4.9475e-02      0.067     9.2533      98.63     -0.697          0          1     73.869     74.214         43    34.3980    27.2318     4.7018    34.3991    27.2326     4.7023 0.0000e+00
     107301    923.000    931.092     4.7762   3.314875     4.7778   3.315125     0.9470     0.9280    99.5343     0.0187     4.7082 4.8829e-02      0.067     9.2469      98.63     -0.565          0          1     73.802     74.281         38    34.3979    27.2318     4.7008    34.3992    27.2327     4.7024 0.0000e+00
     107337    922.000    930.081     4.7785   3.315035     4.7782   3.315122     0.9472     0.9282    99.5343     0.0187     4.7082 4.8840e-02      0.061     9.2175      98.63     -0.676          0          1     73.841     74.350         35    34.3979    27.2316     4.7032    34.3992    27.2326     4.7029 0.0000e+00
     107375    921.000    929.070     4.7805   3.315161     4.7810   3.315312     0.9474     0.9283    99.5343     0.0187     4.7082 4.8958e-02      0.061     9.1496      98.63     -0.652          0          1     73.822     74.227         41    34.3978    27.2313     4.7053    34.3990    27.2322     4.7058 0.0000e+00
     107419    920.000    928.059     4.7804   3.315097     4.7811   3.315276     0.9475     0.9284    99.5343     0.0187     4.7082 4.9272e-02      0.061     9.0742      98.63     -0.551          0          1     73.868     74.324         45    34.3977    27.2312     4.7053    34.3990    27.2321     4.7060 0.0000e+00
     107465    919.000    927.048     4.7808   3.315098     4.7811   3.315222     0.9477     0.9287    99.5343     0.0187     4.7082 4.8847e-02      0.061     9.0220      98.63     -0.530          0          1     73.871     74.331         48    34.3978    27.2312     4.7058    34.3989    27.2320     4.7061 0.0000e+00
     107516    918.000    926.037     4.7810   3.315074     4.7816   3.315213     0.9478     0.9287    99.5343     0.0187     4.7082 4.8840e-02      0.060     8.9617      98.63     -0.471          0          1     73.853     74.295         51    34.3978    27.2312     4.7061    34.3988    27.2319     4.7066 0.0000e+00
     107568    917.000    925.026     4.7810   3.315026     4.7815   3.315165     0.9480     0.9289    99.5343     0.0187     4.7082 4.9069e-02      0.060     8.9499      98.63     -0.469          0          1     73.899     74.329         57    34.3977    27.2311     4.7061    34.3988    27.2319     4.7066 0.0000e+00
     107631    916.000    924.015     4.7805   3.314934     4.7813   3.315107     0.9480     0.9291    99.5343     0.0187     4.7082 4.8835e-02      0.060     8.9362      98.63     -0.367          0          1     73.822     74.349         65    34.3977    27.2311     4.7057    34.3989    27.2320     4.7065 0.0000e+00
     107691    915.000    923.004     4.7807   3.314908     4.7811   3.315049     0.9481     0.9291    99.5343     0.0187     4.7082 4.8840e-02      0.057     8.9153      98.63     -0.418          0          1     73.935     74.352         58    34.3977    27.2311     4.7060    34.3989    27.2320     4.7064 0.0000e+00
     107754    914.000    921.993     4.7809   3.314884     4.7811   3.315004     0.9484     0.9292    99.5343     0.0187     4.7082 4.9069e-02      0.058     8.9561      98.63     -0.373          0          1     73.954     74.299         65    34.3977    27.2311     4.7063    34.3989    27.2320     4.7065 0.0000e+00
     107812    913.000    920.982     4.7811   3.314863     4.7810   3.314953     0.9487     0.9293    99.5343     0.0187     4.7082 4.8840e-02      0.056     9.0039      98.63     -0.434          0          1     73.916     74.340         52    34.3978    27.2311     4.7066    34.3989    27.2320     4.7065 0.0000e+00
     107882    912.000    919.971     4.7809   3.314803     4.7819   3.314986     0.9485     0.9292    99.5406     0.0184     4.7085 4.8840e-02      0.058     8.9823      98.63     -0.312          0          1     73.917     74.325         87    34.3978    27.2311     4.7065    34.3989    27.2318     4.7075 0.0000e+00
     107956    911.000    918.960     4.7831   3.314949     4.7847   3.315187     0.9488     0.9296    99.5554     0.0178     4.7092 4.8840e-02      0.058     8.9858      98.63     -0.373          0          1     74.003     74.399         60    34.3977    27.2308     4.7088    34.3988    27.2315     4.7103 0.0000e+00
     108025    910.000    917.949     4.7827   3.314874     4.7840   3.315077     0.9489     0.9298    99.5600     0.0176     4.7094 4.9747e-02      0.059     8.9785      98.63     -0.330          0          1     73.941     74.389         81    34.3977    27.2309     4.7085    34.3987    27.2315     4.7097 0.0000e+00
     108094    909.000    916.938     4.7868   3.315178     4.7875   3.315339     0.9489     0.9300    99.5601     0.0176     4.7094 4.9971e-02      0.061     8.9967      98.63     -0.386          0          1     73.927     74.474         54    34.3975    27.2302     4.7126    34.3987    27.2311     4.7133 0.0000e+00
     108171    908.000    915.927     4.7891   3.315328     4.7893   3.315456     0.9493     0.9300    99.5545     0.0178     4.7091 4.9048e-02      0.059     8.9423      98.63     -0.278          0          1     74.039     74.372        103    34.3974    27.2299     4.7150    34.3987    27.2308     4.7152 0.0000e+00
     108256    907.000    914.916     4.7971   3.315969     4.7984   3.316176     0.9496     0.9303    99.5434     0.0183     4.7086 4.8838e-02      0.062     8.9708      98.63     -0.344          0          1     74.038     74.453         62    34.3971    27.2287     4.7230    34.3981    27.2294     4.7243 0.0000e+00
     108341    906.000    913.905     4.7939   3.315655     4.7960   3.315950     0.9499     0.9305    99.5576     0.0177     4.7093 4.8840e-02      0.058     8.9791      98.63     -0.246          0          1     74.079     74.503        107    34.3973    27.2292     4.7199    34.3985    27.2299     4.7220 0.0000e+00
     108425    905.000    912.894     4.7973   3.315910     4.7975   3.316021     0.9501     0.9310    99.5598     0.0176     4.7094 4.8840e-02      0.058     8.9243      98.63     -0.318          0          1     74.106     74.549         89    34.3972    27.2288     4.7234    34.3983    27.2296     4.7236 0.0000e+00
     108537    904.000    911.883     4.8006   3.316151     4.7987   3.316081     0.9503     0.9311    99.5601     0.0176     4.7094 4.8840e-02      0.055     9.0205      98.63     -0.196          0          1     74.069     74.497         95    34.3971    27.2283     4.7268    34.3982    27.2294     4.7249 0.0000e+00
     108619    903.000    910.872     4.8007   3.316112     4.7994   3.316099     0.9504     0.9312    99.5622     0.0175     4.7095 4.8840e-02      0.058     9.0788      98.63     -0.287          0          1     74.120     74.553         92    34.3970    27.2282     4.7269    34.3982    27.2293     4.7257 0.0000e+00
     108749    902.000    909.862     4.8062   3.316551     4.8060   3.316637     0.9509     0.9314    99.5697     0.0172     4.7098 4.9047e-02      0.059     9.0974      98.63     -0.159          0          1     74.194     74.533        154    34.3970    27.2275     4.7325    34.3982    27.2285     4.7323 0.0000e+00
     108920    901.000    908.851     4.8065   3.316524     4.8099   3.316916     0.9511     0.9316    99.5721     0.0171     4.7100 4.8838e-02      0.057     9.0877      98.63     -0.131          0          1     74.174     74.567        162    34.3968    27.2274     4.7329    34.3979    27.2279     4.7363 0.0000e+00
     109881    900.000    907.840     4.8138   3.317086     4.8141   3.317224     0.9518     0.9321    99.5686     0.0173     4.7098 4.9475e-02      0.057     9.0547      98.63     -0.267          0          1     74.331     74.618         83    34.3963    27.2262     4.7402    34.3976    27.2272     4.7405 0.0000e+00
     110696    899.000    906.829     4.8150   3.317148     4.8156   3.317308     0.9522     0.9325    99.5615     0.0175     4.7095 4.9100e-02      0.059     9.1018      98.63     -0.303          0          1     74.302     74.700         82    34.3963    27.2260     4.7415    34.3976    27.2269     4.7421 0.0000e+00
     110737    898.000    905.818     4.8157   3.317174     4.8163   3.317336     0.9518     0.9325    99.5794     0.0169     4.7103 4.8829e-02      0.055     9.0430      98.63     -0.440          0          1     74.210     74.624         36    34.3964    27.2260     4.7423    34.3977    27.2269     4.7429 0.0000e+00
     110766    897.000    904.807     4.8213   3.317633     4.8218   3.317797     0.9521     0.9324    99.5695     0.0172     4.7098 4.8840e-02      0.059     9.0398      98.63     -0.737          0          1     74.469     74.599         27    34.3965    27.2254     4.7479    34.3978    27.2264     4.7484 0.0000e+00
     110792    896.000    903.796     4.8319   3.318478     4.8331   3.318696     0.9524     0.9323    99.5601     0.0176     4.7094 4.9196e-02      0.059     9.0710      98.63     -0.910          0          1     74.423     74.544         24    34.3958    27.2237     4.7586    34.3971    27.2246     4.7597 0.0000e+00
     110816    895.000    902.785     4.8362   3.318801     4.8371   3.319000     0.9526     0.9325    99.5601     0.0176     4.7094 5.0014e-02      0.058     9.1054      98.63     -0.982          0          1     74.416     74.745         26    34.3956    27.2231     4.7629    34.3970    27.2241     4.7638 0.0000e+00
     110844    894.000    901.774     4.8447   3.319497     4.8449   3.319630     0.9530     0.9328    99.5601     0.0176     4.7094 4.9096e-02      0.055     9.1127      98.63     -0.921          0          1     74.529     74.723         29    34.3954    27.2220     4.7714    34.3968    27.2230     4.7716 0.0000e+00
     110872    893.000    900.764     4.8530   3.320154     4.8533   3.320298     0.9532     0.9332    99.5601     0.0176     4.7094 4.9312e-02      0.055     9.0936      98.63     -0.856          0          1     74.540     74.911         26    34.3950    27.2207     4.7798    34.3963    27.2217     4.7801 0.0000e+00
     110896    892.000    899.753     4.8573   3.320470     4.8582   3.320655     0.9539     0.9339    99.5601     0.0176     4.7094 4.8831e-02      0.059     9.0642      98.63     -0.931          0          1     74.566     74.943         22    34.3947    27.2200     4.7841    34.3959    27.2208     4.7850 0.0000e+00
     110917    891.000    898.742     4.8594   3.320599     4.8602   3.320779     0.9537     0.9340    99.5601     0.0176     4.7094 4.8840e-02      0.061     9.0523      98.63     -1.075          0          1     74.442     74.855         20    34.3946    27.2196     4.7863    34.3958    27.2205     4.7871 0.0000e+00
     110936    890.000    897.731     4.8620   3.320768     4.8626   3.320934     0.9539     0.9343    99.5601     0.0176     4.7094 5.0064e-02      0.061     9.0964      98.63     -1.201          0          1     74.612     74.952         18    34.3943    27.2191     4.7890    34.3956    27.2201     4.7896 0.0000e+00
     110954    889.000    896.720     4.8644   3.320932     4.8650   3.321085     0.9544     0.9345    99.5601     0.0176     4.7094 4.9993e-02      0.060     9.1048      98.63     -1.296          0          1     74.623     74.967         18    34.3943    27.2188     4.7915    34.3954    27.2196     4.7920 0.0000e+00
     110972    888.000    895.709     4.8696   3.321347     4.8687   3.321384     0.9543     0.9349    99.5601     0.0176     4.7094 4.8852e-02      0.061     9.0856      98.63     -1.339          0          1     74.652     75.003         19    34.3942    27.2181     4.7967    34.3956    27.2193     4.7958 0.0000e+00
     110991    887.000    894.698     4.8775   3.321962     4.8769   3.322031     0.9549     0.9350    99.5601     0.0176     4.7094 4.8968e-02      0.061     9.0556      98.63     -1.318          0          1     74.750     74.913         19    34.3937    27.2168     4.8046    34.3951    27.2180     4.8040 0.0000e+00
     111011    886.000    893.687     4.8834   3.322440     4.8830   3.322535     0.9551     0.9351    99.5601     0.0176     4.7094 5.0071e-02      0.061     9.0641      98.63     -1.249          0          1     74.660     75.061         21    34.3937    27.2161     4.8106    34.3952    27.2174     4.8102 0.0000e+00
     111032    885.000    892.677     4.8965   3.323516     4.8951   3.323553     0.9553     0.9358    99.5601     0.0176     4.7094 4.9649e-02      0.061     9.0796      98.63     -1.176          0          1     74.638     75.190         21    34.3931    27.2142     4.8237    34.3950    27.2159     4.8223 0.0000e+00
     111053    884.000    891.666     4.9008   3.323816     4.9008   3.323933     0.9554     0.9363    99.5601     0.0176     4.7094 4.8829e-02      0.061     9.0688      98.63     -1.148          0          1     74.748     75.118         21    34.3927    27.2134     4.8280    34.3940    27.2144     4.8280 0.0000e+00
     111074    883.000    890.655     4.9014   3.323826     4.9019   3.323994     0.9560     0.9364    99.5601     0.0176     4.7094 4.8840e-02      0.060     9.0728      98.63     -1.168          0          1     74.873     75.254         20    34.3927    27.2133     4.8287    34.3941    27.2144     4.8292 0.0000e+00
     111093    882.000    889.644     4.9031   3.323937     4.9039   3.324119     0.9561     0.9371    99.5601     0.0176     4.7094 4.9422e-02      0.055     9.0820      98.63     -1.210          0          1     74.802     75.397         19    34.3927    27.2131     4.8305    34.3940    27.2140     4.8313 0.0000e+00
     111112    881.000    888.634     4.9047   3.324027     4.9049   3.324171     0.9565     0.9374    99.5601     0.0176     4.7094 4.9612e-02      0.059     9.0896      98.63     -1.248          0          1     74.922     75.282         19    34.3926    27.2128     4.8322    34.3940    27.2140     4.8324 0.0000e+00
     111131    880.000    887.623     4.9061   3.324110     4.9067   3.324282     0.9570     0.9376    99.5601     0.0176     4.7094 4.8849e-02      0.061     9.1017      98.63     -1.283          0          1     74.946     75.302         19    34.3926    27.2127     4.8337    34.3940    27.2137     4.8343 0.0000e+00
     111150    879.000    886.612     4.9080   3.324224     4.9086   3.324401     0.9571     0.9379    99.5399     0.0185     4.7085 4.8840e-02      0.061     9.0722      98.63     -1.292          0          1     74.831     75.393         19    34.3925    27.2124     4.8356    34.3939    27.2134     4.8362 0.0000e+00
     111170    878.000    885.601     4.9086   3.324233     4.9094   3.324422     0.9571     0.9383    99.5343     0.0187     4.7082 4.8840e-02      0.061     9.0249      98.63     -1.258          0          1     74.860     75.489         21    34.3925    27.2123     4.8363    34.3938    27.2133     4.8371 0.0000e+00
     111191    877.000    884.591     4.9103   3.324341     4.9104   3.324483     0.9575     0.9386    99.5343     0.0187     4.7082 4.8840e-02      0.061     8.9983      98.63     -1.177          0          1     74.962     75.272         22    34.3925    27.2121     4.8381    34.3940    27.2133     4.8382 0.0000e+00
