CTDdata/C09M001.cnv
* Sea-Bird SBE 9 Data File:
* FileName = C:\MR1703C\CTDdata\C09M001.hdr
* Software Version Seasave V 7.23.2
* Temperature SN = 031464
* Conductivity SN = 041203
* Number of Bytes Per Scan = 41
* Number of Voltage Words = 4
* Number of Scans Averaged by the Deck Unit = 1
* NMEA Latitude = 25 30.13 N
* NMEA Longitude = 124 00.74 E
* NMEA UTC (Time) = Jun 01 2017 10:42:32
* NMEA baud rate = 4800
** Cruise: MR17-03C
** Station: C09
** Bottom Depth [m]: 1914.0
** Operator: S.Tanihara
# nquan = 29                                
# nvalues = 3776                        
# units = specified
# name 0 = scan: Scan Count
# name 1 = depSM: Depth [salt water, m]
# name 2 = prDM: Pressure, Digiquartz [db]
# name 3 = t090C: Temperature [ITS-90, deg C]
# name 4 = c0S/m: Conductivity [S/m]
# name 5 = t190C: Temperature, 2 [ITS-90, deg C]
# name 6 = c1S/m: Conductivity, 2 [S/m]
# name 7 = sbeox0V: Oxygen raw, SBE 43 [V]
# name 8 = sbeox1V: Oxygen raw, SBE 43, 2 [V]
# name 9 = CStarTr0: Beam Transmission, WET Labs C-Star [%]
# name 10 = CStarAt0: Beam Attenuation, WET Labs C-Star [1/m]
# name 11 = v4: Voltage 4
# name 12 = flSP: Fluorescence, Seapoint
# name 13 = seaTurbMtr: Turbidity, Seapoint [FTU]
# name 14 = wetCDOM: Fluorescence, WET Labs CDOM [mg/m^3]
# name 15 = altM: Altimeter [m]
# name 16 = dz/dtM: Descent Rate [m/s]
# name 17 = modError: Modulo Error Count
# name 18 = pumps: Pump Status
# name 19 = sbeox0Mm/Kg: Oxygen, SBE 43 [umol/kg], WS = 2
# name 20 = sbeox1Mm/Kg: Oxygen, SBE 43, 2 [umol/kg], WS = 2
# name 21 = nbin: number of scans per bin
# name 22 = sal00: Salinity, Practical [PSU]
# name 23 = sigma-é00: Density [sigma-theta, kg/m^3]
# name 24 = potemp090C: Potential Temperature [ITS-90, deg C]
# name 25 = sal11: Salinity, Practical, 2 [PSU]
# name 26 = sigma-é11: Density, 2 [sigma-theta, kg/m^3]
# name 27 = potemp190C: Potential Temperature, 2 [ITS-90, deg C]
# name 28 = flag: flag
# span 0 =      23310,     158379       
# span 1 =      1.000,   1890.000       
# span 2 =      1.007,   1910.998       
# span 3 =     3.8021,    27.4519       
# span 4 =   3.262108,   5.485011       
# span 5 =     3.8027,    27.4526       
# span 6 =   3.262294,   5.485417       
# span 7 =     0.8579,     2.5915       
# span 8 =     0.8311,     2.5242       
# span 9 =    97.9255,    99.8961       
# span 10 =     0.0042,     0.0839      
# span 11 =     4.6321,     4.7253      
# span 12 = 3.9067e-02, 7.7381e-01      
# span 13 =      0.024,      0.114      
# span 14 =     0.6375,   115.8314      
# span 15 =       1.53,     105.95      
# span 16 =     -1.439,      1.440      
# span 17 =          0,          0      
# span 18 =          1,          1      
# span 19 =     68.283,    202.613      
# span 20 =     65.776,    200.438      
# span 21 =         16,        241      
# span 22 =    34.2920,    35.0389      
# span 23 =    22.1469,    27.3863      
# span 24 =     3.6478,    27.4503      
# span 25 =    34.2950,    35.0433      
# span 26 =    22.1483,    27.3872      
# span 27 =     3.6484,    27.4516      
# span 28 = 0.0000e+00, 0.0000e+00      
# interval = meters: 1                  
# start_time = Jun 01 2017 10:42:32 [NMEA time, header]
# bad_flag = -9.990e-29
*END*
[from data line 3101]
     119467    675.000    680.510     6.1693   3.424385     6.1689   3.424510     1.0592     1.0397    99.2244     0.0311     4.6935 4.7619e-02      0.085     8.5609      98.63     -1.255          0          1     86.951     87.015         20    34.3485    27.0240     6.1083    34.3503    27.0255     6.1079 0.0000e+00
     119488    674.000    679.499     6.1790   3.425163     6.1788   3.425296     1.0602     1.0401    99.2244     0.0311     4.6935 4.7619e-02      0.085     8.5332      98.63     -1.207          0          1     87.082     87.075         23    34.3479    27.0223     6.1180    34.3496    27.0237     6.1178 0.0000e+00
     119513    673.000    678.490     6.1916   3.426218     6.1911   3.426307     1.0611     1.0410    99.2244     0.0311     4.6935 4.8381e-02      0.085     8.5421      98.63     -1.057          0          1     87.128     87.330         27    34.3475    27.0204     6.1307    34.3490    27.0217     6.1302 0.0000e+00
     119540    672.000    677.480     6.1963   3.426564     6.1952   3.426608     1.0618     1.0419    99.2244     0.0311     4.6935 4.7617e-02      0.086     8.5644      98.63     -0.916          0          1     87.112     87.346         26    34.3471    27.0195     6.1354    34.3487    27.0209     6.1343 0.0000e+00
     119563    671.000    676.470     6.1981   3.426674     6.1984   3.426821     1.0625     1.0429    99.2244     0.0311     4.6935 4.7619e-02      0.085     8.5420      98.63     -0.944          0          1     87.243     87.507         21    34.3471    27.0192     6.1373    34.3484    27.0202     6.1376 0.0000e+00
     119584    670.000    675.460     6.2029   3.427040     6.2030   3.427187     1.0630     1.0433    99.2244     0.0311     4.6935 4.7619e-02      0.085     8.5321      98.63     -1.085          0          1     87.249     87.550         20    34.3468    27.0184     6.1422    34.3483    27.0196     6.1423 0.0000e+00
     119602    669.000    674.451     6.2075   3.427394     6.2073   3.427504     1.0633     1.0441    99.2244     0.0311     4.6935 4.7619e-02      0.089     8.5342      98.63     -1.226          0          1     87.206     87.643         18    34.3466    27.0176     6.1469    34.3480    27.0188     6.1467 0.0000e+00
     119621    668.000    673.441     6.2109   3.427649     6.2107   3.427741     1.0636     1.0444    99.2244     0.0311     4.6935 4.7619e-02      0.091     8.5361      98.63     -1.290          0          1     87.334     87.587         20    34.3465    27.0171     6.1503    34.3478    27.0181     6.1501 0.0000e+00
     119642    667.000    672.431     6.2164   3.428080     6.2134   3.427950     1.0644     1.0449    99.2048     0.0319     4.6926 4.7619e-02      0.092     8.5283      98.63     -1.247          0          1     87.628     87.764         21    34.3463    27.0162     6.1559    34.3479    27.0178     6.1529 0.0000e+00
     119664    666.000    671.421     6.2603   3.432004     6.2561   3.431879     1.0655     1.0459    99.1985     0.0322     4.6923 4.7619e-02      0.087     8.5304      98.63     -1.136          0          1     87.880     88.071         24    34.3465    27.0107     6.1997    34.3493    27.0135     6.1955 0.0000e+00
     119687    665.000    670.412     6.3125   3.436458     6.3246   3.437741     1.0673     1.0475    99.1880     0.0326     4.6918 4.7619e-02      0.090     8.5033      98.63     -1.058          0          1     88.263     88.378         22    34.3442    27.0022     6.2517    34.3463    27.0023     6.2637 0.0000e+00
     119710    664.000    669.402     6.3540   3.439989     6.3534   3.440092     1.0695     1.0496    99.1724     0.0332     4.6911 4.7619e-02      0.092     8.4699      98.63     -1.063          0          1     88.486     88.711         22    34.3423    26.9953     6.2931    34.3441    26.9968     6.2925 0.0000e+00
     119731    663.000    668.392     6.3641   3.440779     6.3637   3.440904     1.0710     1.0513    99.1727     0.0332     4.6911 4.7619e-02      0.092     8.4933      98.63     -1.096          0          1     88.656     88.791         21    34.3415    26.9933     6.3032    34.3432    26.9948     6.3028 0.0000e+00
     119752    662.000    667.382     6.3670   3.440978     6.3666   3.441102     1.0730     1.0529    99.1518     0.0341     4.6901 4.7619e-02      0.092     8.5425      98.63     -1.144          0          1     88.826     89.135         21    34.3413    26.9928     6.3062    34.3430    26.9943     6.3058 0.0000e+00
     119773    661.000    666.373     6.3703   3.441222     6.3698   3.441309     1.0741     1.0547    99.1469     0.0343     4.6899 4.7619e-02      0.094     8.5505      98.63     -1.173          0          1     88.892     89.245         21    34.3411    26.9923     6.3096    34.3426    26.9935     6.3091 0.0000e+00
     119795    660.000    665.363     6.3774   3.441765     6.3767   3.441827     1.0756     1.0558    99.1469     0.0343     4.6899 4.7619e-02      0.096     8.5301      98.63     -1.134          0          1     89.127     89.344         23    34.3405    26.9909     6.3168    34.3419    26.9921     6.3161 0.0000e+00
     119818    659.000    664.353     6.3910   3.442815     6.3868   3.442632     1.0769     1.0576    99.1622     0.0336     4.6906 4.7619e-02      0.097     8.4818      98.63     -1.082          0          1     89.258     89.646         22    34.3391    26.9879     6.3304    34.3412    26.9902     6.3262 0.0000e+00
     119839    658.000    663.344     6.4001   3.443489     6.3993   3.443574     1.0783     1.0588    99.1727     0.0332     4.6911 4.7619e-02      0.093     8.4739      98.63     -1.086          0          1     89.313     89.471         22    34.3379    26.9858     6.3395    34.3397    26.9873     6.3388 0.0000e+00
     119861    657.000    662.334     6.4069   3.443982     6.4073   3.444144     1.0790     1.0596    99.1727     0.0332     4.6911 4.7619e-02      0.095     8.4878      98.63     -1.123          0          1     89.304     89.637         20    34.3371    26.9843     6.3464    34.3385    26.9853     6.3468 0.0000e+00
     119881    656.000    661.324     6.4129   3.444379     6.4126   3.444490     1.0798     1.0605    99.1727     0.0332     4.6911 4.7619e-02      0.094     8.4605      98.63     -1.164          0          1     89.347     89.747         21    34.3360    26.9826     6.3525    34.3375    26.9838     6.3522 0.0000e+00
     119901    655.000    660.314     6.4127   3.444303     6.4129   3.444445     1.0803     1.0615    99.1727     0.0332     4.6911 4.7619e-02      0.098     8.4344      98.63     -1.195          0          1     89.346     89.855         20    34.3358    26.9825     6.3524    34.3372    26.9835     6.3526 0.0000e+00
     119921    654.000    659.305     6.4152   3.444429     6.4164   3.444653     1.0809     1.0622    99.1727     0.0332     4.6911 4.7619e-02      0.098     8.4374      98.63     -1.201          0          1     89.404     89.897         20    34.3352    26.9817     6.3550    34.3365    26.9825     6.3562 0.0000e+00
     119943    653.000    658.295     6.4202   3.444765     6.4207   3.444939     1.0813     1.0631    99.1560     0.0339     4.6903 4.7619e-02      0.098     8.4414      98.63     -1.172          0          1     89.379     89.961         23    34.3344    26.9804     6.3600    34.3358    26.9814     6.3605 0.0000e+00
     119966    652.000    657.285     6.4247   3.445057     6.4243   3.445163     1.0815     1.0635    99.1705     0.0333     4.6910 4.7619e-02      0.098     8.4343      98.63     -1.089          0          1     89.440     89.882         23    34.3336    26.9792     6.3646    34.3352    26.9805     6.3642 0.0000e+00
     119990    651.000    656.275     6.4294   3.445400     6.4290   3.445496     1.0822     1.0641    99.1738     0.0332     4.6912 4.7619e-02      0.092     8.4506      98.63     -1.027          0          1     89.617     89.975         24    34.3332    26.9782     6.3694    34.3347    26.9794     6.3690 0.0000e+00
     120012    650.000    655.266     6.4339   3.445687     6.4346   3.445887     1.0829     1.0646    99.1986     0.0322     4.6923 4.7619e-02      0.092     8.4653      98.63     -1.045          0          1     89.634     90.019         21    34.3324    26.9770     6.3740    34.3339    26.9781     6.3747 0.0000e+00
     120032    649.000    654.256     6.4373   3.445906     6.4374   3.446039     1.0832     1.0651    99.1985     0.0322     4.6923 4.7619e-02      0.094     8.4859      98.63     -1.127          0          1     89.711     90.102         20    34.3319    26.9761     6.3774    34.3333    26.9772     6.3775 0.0000e+00
     120052    648.000    653.246     6.4448   3.446477     6.4447   3.446602     1.0840     1.0654    99.1985     0.0322     4.6923 4.7619e-02      0.092     8.4981      98.63     -1.209          0          1     89.792     90.166         19    34.3312    26.9746     6.3850    34.3327    26.9758     6.3849 0.0000e+00
     120072    647.000    652.237     6.4507   3.446908     6.4499   3.446972     1.0844     1.0661    99.1895     0.0326     4.6919 4.7619e-02      0.092     8.5083      98.63     -1.237          0          1     89.843     90.193         20    34.3306    26.9733     6.3910    34.3321    26.9746     6.3902 0.0000e+00
     120092    646.000    651.227     6.4639   3.447967     6.4586   3.447661     1.0851     1.0665    99.1729     0.0332     4.6911 4.7619e-02      0.092     8.4965      98.63     -1.226          0          1     89.915     90.230         21    34.3296    26.9708     6.4042    34.3315    26.9730     6.3989 0.0000e+00
     120113    645.000    650.217     6.4771   3.449052     6.4738   3.448905     1.0856     1.0671    99.1727     0.0332     4.6911 4.7619e-02      0.094     8.4541      98.63     -1.175          0          1     90.046     90.347         22    34.3289    26.9685     6.4174    34.3306    26.9703     6.4142 0.0000e+00
     120137    644.000    649.208     6.4848   3.449652     6.4805   3.449437     1.0867     1.0678    99.1727     0.0332     4.6911 4.7619e-02      0.098     8.4157      98.63     -1.084          0          1     90.215     90.477         25    34.3283    26.9671     6.4252    34.3303    26.9691     6.4209 0.0000e+00
     120161    643.000    648.198     6.4982   3.450792     6.4974   3.450844     1.0877     1.0687    99.1727     0.0332     4.6911 4.7619e-02      0.098     8.4206      98.63     -0.998          0          1     90.469     90.632         24    34.3281    26.9651     6.4386    34.3294    26.9663     6.4378 0.0000e+00
     120186    642.000    647.188     6.5364   3.454119     6.5264   3.453461     1.0895     1.0700    99.1727     0.0332     4.6911 4.7619e-02      0.098     8.4730      98.63     -0.981          0          1     90.850     90.961         25    34.3272    26.9594     6.4767    34.3299    26.9628     6.4668 0.0000e+00
     120210    641.000    646.178     6.5767   3.457609     6.5724   3.457372     1.0913     1.0715    99.1515     0.0341     4.6901 4.7619e-02      0.098     8.4802      98.63     -0.997          0          1     91.137     91.192         23    34.3260    26.9531     6.5169    34.3277    26.9550     6.5127 0.0000e+00
     120232    640.000    645.169     6.5991   3.459683     6.5936   3.459338     1.0938     1.0734    99.1470     0.0343     4.6899 4.7619e-02      0.098     8.4679      98.63     -1.045          0          1     91.670     91.610         22    34.3271    26.9510     6.5393    34.3288    26.9530     6.5339 0.0000e+00
     120255    639.000    644.160     6.6531   3.464373     6.6445   3.463872     1.0963     1.0758    99.1469     0.0343     4.6899 4.7619e-02      0.098     8.4633      98.63     -1.092          0          1     92.003     92.058         23    34.3255    26.9426     6.5932    34.3285    26.9461     6.5846 0.0000e+00
     120279    638.000    643.150     6.6801   3.466698     6.6797   3.466834     1.0991     1.0787    99.1469     0.0343     4.6899 4.7619e-02      0.098     8.4669      98.63     -1.034          0          1     92.205     92.392         26    34.3247    26.9383     6.6201    34.3266    26.9399     6.6197 0.0000e+00
     120306    637.000    642.140     6.6900   3.467507     6.6892   3.467571     1.1017     1.0813    99.1469     0.0343     4.6899 4.7619e-02      0.092     8.4656      98.63     -0.929          0          1     92.371     92.602         27    34.3242    26.9366     6.6301    34.3257    26.9379     6.6293 0.0000e+00
     120332    636.000    641.131     6.6941   3.467825     6.6933   3.467905     1.1035     1.0839    99.1469     0.0343     4.6899 4.7619e-02      0.097     8.4757      98.63     -0.910          0          1     92.455     92.842         25    34.3241    26.9360     6.6343    34.3258    26.9374     6.6335 0.0000e+00
     120357    635.000    640.121     6.7024   3.468552     6.7019   3.468664     1.1050     1.0855    99.1469     0.0343     4.6899 4.7619e-02      0.098     8.4283      98.63     -0.956          0          1     92.611     92.984         25    34.3244    26.9351     6.6426    34.3261    26.9365     6.6421 0.0000e+00
     120381    634.000    639.111     6.7272   3.470646     6.7259   3.470709     1.1063     1.0877    99.1469     0.0343     4.6899 4.7015e-02      0.098     8.3794      98.63     -0.989          0          1     92.637     93.236         24    34.3232    26.9308     6.6674    34.3252    26.9326     6.6661 0.0000e+00
     120406    633.000    638.102     6.7285   3.470700     6.7278   3.470768     1.1073     1.0890    99.1469     0.0343     4.6899 4.6412e-02      0.098     8.3252      98.63     -0.988          0          1     92.695     93.161         27    34.3230    26.9305     6.6688    34.3244    26.9317     6.6681 0.0000e+00
     120434    632.000    637.092     6.7281   3.470649     6.7272   3.470694     1.1084     1.0903    99.1469     0.0343     4.6899 4.7076e-02      0.098     8.2998      98.63     -0.906          0          1     92.792     93.349         27    34.3233    26.9308     6.6685    34.3247    26.9320     6.6676 0.0000e+00
     120462    631.000    636.083     6.7415   3.471771     6.7401   3.471784     1.1093     1.0915    99.1469     0.0343     4.6899 4.7620e-02      0.098     8.2798      98.63     -0.874          0          1     92.978     93.387         28    34.3228    26.9286     6.6819    34.3243    26.9300     6.6805 0.0000e+00
     120490    630.000    635.073     6.7508   3.472519     6.7501   3.472586     1.1105     1.0924    99.1469     0.0343     4.6899 4.7619e-02      0.098     8.2931      98.63     -0.866          0          1     93.074     93.427         29    34.3223    26.9269     6.6913    34.3237    26.9281     6.6906 0.0000e+00
     120520    629.000    634.063     6.7575   3.473107     6.7552   3.473033     1.1116     1.0931    99.1469     0.0343     4.6899 4.7619e-02      0.098     8.2457      98.63     -0.820          0          1     93.305     93.440         30    34.3225    26.9262     6.6981    34.3240    26.9277     6.6958 0.0000e+00
     120550    628.000    633.054     6.7767   3.474814     6.7727   3.474542     1.1130     1.0940    99.1469     0.0343     4.6899 4.7619e-02      0.094     8.1755      98.63     -0.805          0          1     93.442     93.699         31    34.3227    26.9237     6.7173    34.3237    26.9251     6.7133 0.0000e+00
     120583    627.000    632.044     6.8097   3.477686     6.8087   3.477766     1.1144     1.0957    99.1343     0.0348     4.6893 4.7619e-02      0.092     8.1735      98.63     -0.764          0          1     93.571     94.125         36    34.3219    26.9187     6.7502    34.3238    26.9203     6.7492 0.0000e+00
