CTDdata/C09M001.cnv
* Sea-Bird SBE 9 Data File:
* FileName = C:\MR1703C\CTDdata\C09M001.hdr
* Software Version Seasave V 7.23.2
* Temperature SN = 031464
* Conductivity SN = 041203
* Number of Bytes Per Scan = 41
* Number of Voltage Words = 4
* Number of Scans Averaged by the Deck Unit = 1
* NMEA Latitude = 25 30.13 N
* NMEA Longitude = 124 00.74 E
* NMEA UTC (Time) = Jun 01 2017 10:42:32
* NMEA baud rate = 4800
** Cruise: MR17-03C
** Station: C09
** Bottom Depth [m]: 1914.0
** Operator: S.Tanihara
# nquan = 29                                
# nvalues = 3776                        
# units = specified
# name 0 = scan: Scan Count
# name 1 = depSM: Depth [salt water, m]
# name 2 = prDM: Pressure, Digiquartz [db]
# name 3 = t090C: Temperature [ITS-90, deg C]
# name 4 = c0S/m: Conductivity [S/m]
# name 5 = t190C: Temperature, 2 [ITS-90, deg C]
# name 6 = c1S/m: Conductivity, 2 [S/m]
# name 7 = sbeox0V: Oxygen raw, SBE 43 [V]
# name 8 = sbeox1V: Oxygen raw, SBE 43, 2 [V]
# name 9 = CStarTr0: Beam Transmission, WET Labs C-Star [%]
# name 10 = CStarAt0: Beam Attenuation, WET Labs C-Star [1/m]
# name 11 = v4: Voltage 4
# name 12 = flSP: Fluorescence, Seapoint
# name 13 = seaTurbMtr: Turbidity, Seapoint [FTU]
# name 14 = wetCDOM: Fluorescence, WET Labs CDOM [mg/m^3]
# name 15 = altM: Altimeter [m]
# name 16 = dz/dtM: Descent Rate [m/s]
# name 17 = modError: Modulo Error Count
# name 18 = pumps: Pump Status
# name 19 = sbeox0Mm/Kg: Oxygen, SBE 43 [umol/kg], WS = 2
# name 20 = sbeox1Mm/Kg: Oxygen, SBE 43, 2 [umol/kg], WS = 2
# name 21 = nbin: number of scans per bin
# name 22 = sal00: Salinity, Practical [PSU]
# name 23 = sigma-é00: Density [sigma-theta, kg/m^3]
# name 24 = potemp090C: Potential Temperature [ITS-90, deg C]
# name 25 = sal11: Salinity, Practical, 2 [PSU]
# name 26 = sigma-é11: Density, 2 [sigma-theta, kg/m^3]
# name 27 = potemp190C: Potential Temperature, 2 [ITS-90, deg C]
# name 28 = flag: flag
# span 0 =      23310,     158379       
# span 1 =      1.000,   1890.000       
# span 2 =      1.007,   1910.998       
# span 3 =     3.8021,    27.4519       
# span 4 =   3.262108,   5.485011       
# span 5 =     3.8027,    27.4526       
# span 6 =   3.262294,   5.485417       
# span 7 =     0.8579,     2.5915       
# span 8 =     0.8311,     2.5242       
# span 9 =    97.9255,    99.8961       
# span 10 =     0.0042,     0.0839      
# span 11 =     4.6321,     4.7253      
# span 12 = 3.9067e-02, 7.7381e-01      
# span 13 =      0.024,      0.114      
# span 14 =     0.6375,   115.8314      
# span 15 =       1.53,     105.95      
# span 16 =     -1.439,      1.440      
# span 17 =          0,          0      
# span 18 =          1,          1      
# span 19 =     68.283,    202.613      
# span 20 =     65.776,    200.438      
# span 21 =         16,        241      
# span 22 =    34.2920,    35.0389      
# span 23 =    22.1469,    27.3863      
# span 24 =     3.6478,    27.4503      
# span 25 =    34.2950,    35.0433      
# span 26 =    22.1483,    27.3872      
# span 27 =     3.6484,    27.4516      
# span 28 = 0.0000e+00, 0.0000e+00      
# interval = meters: 1                  
# start_time = Jun 01 2017 10:42:32 [NMEA time, header]
# bad_flag = -9.990e-29
*END*
[from data line 351]
      32849    355.000    357.620    15.0217   4.264469    15.0233   4.264590     1.8476     1.8162    99.5601     0.0176     4.7094 4.2728e-02      0.032     5.4250      98.63      1.013          0          1    164.381    163.278         24    34.5894    25.6625    14.9674    34.5890    25.6619    14.9690 0.0000e+00
      32873    356.000    358.628    14.9330   4.255131    14.9339   4.255094     1.8398     1.8107    99.5601     0.0176     4.7094 4.2233e-02      0.036     5.4667      98.63      1.003          0          1    163.302    162.343         24    34.5825    25.6765    14.8788    34.5814    25.6755    14.8797 0.0000e+00
      32897    357.000    359.636    14.8290   4.244684    14.8302   4.244741     1.8304     1.8018    99.5359     0.0186     4.7083 4.2276e-02      0.034     5.4833      98.63      1.013          0          1    162.458    161.225         24    34.5790    25.6964    14.7749    34.5785    25.6957    14.7761 0.0000e+00
      32921    358.000    360.645    14.8101   4.242834    14.8108   4.242961     1.8219     1.7930    99.5343     0.0187     4.7082 4.2733e-02      0.032     5.5208      98.63      1.007          0          1    161.745    160.489         24    34.5785    25.7001    14.7559    34.5790    25.7004    14.7566 0.0000e+00
      32946    359.000    361.653    14.8044   4.242278    14.8050   4.242399     1.8159     1.7864    99.5343     0.0187     4.7082 4.2735e-02      0.037     5.5495      98.63      0.977          0          1    161.707    160.215         26    34.5781    25.7011    14.7500    34.5786    25.7014    14.7506 0.0000e+00
      32971    360.000    362.661    14.7891   4.240742    14.7891   4.240798     1.8125     1.7812    99.5343     0.0187     4.7082 4.2735e-02      0.036     5.5666      98.63      0.964          0          1    161.360    159.712         24    34.5772    25.7038    14.7346    34.5777    25.7042    14.7346 0.0000e+00
      32996    361.000    363.669    14.7473   4.236431    14.7472   4.236379     1.8070     1.7757    99.5222     0.0192     4.7076 4.2735e-02      0.037     5.6626      98.63      0.973          0          1    160.426    158.904         24    34.5745    25.7107    14.6928    34.5741    25.7105    14.6927 0.0000e+00
      33019    362.000    364.678    14.7064   4.232451    14.7069   4.232578     1.8002     1.7691    99.4914     0.0204     4.7061 4.2788e-02      0.037     5.7109      98.63      1.012          0          1    159.575    158.165         23    34.5740    25.7192    14.6518    34.5747    25.7196    14.6523 0.0000e+00
      33042    363.000    365.686    14.6876   4.230552    14.6885   4.230713     1.7941     1.7630    99.4826     0.0207     4.7057 4.3847e-02      0.037     5.7157      98.63      1.067          0          1    158.894    157.508         22    34.5729    25.7224    14.6329    34.5736    25.7228    14.6338 0.0000e+00
      33065    364.000    366.694    14.6623   4.228004    14.6599   4.227772     1.7875     1.7568    99.4805     0.0208     4.7056 4.3956e-02      0.039     5.6971      98.63      1.063          0          1    158.293    156.785         25    34.5717    25.7270    14.6075    34.5717    25.7275    14.6051 0.0000e+00
      33090    365.000    367.702    14.6153   4.223153    14.6091   4.222597     1.7805     1.7491    99.4392     0.0225     4.7037 4.3956e-02      0.045     5.7026      98.63      0.993          0          1    157.398    155.835         25    34.5686    25.7347    14.5605    34.5690    25.7363    14.5543 0.0000e+00
      33115    366.000    368.711    14.5568   4.217187    14.5551   4.216994     1.7727     1.7416    99.3931     0.0244     4.7015 4.3956e-02      0.052     5.7172      98.63      0.968          0          1    156.588    155.216         25    34.5655    25.7449    14.5020    34.5653    25.7450    14.5003 0.0000e+00
      33140    367.000    369.719    14.4964   4.211160    14.4984   4.211359     1.7654     1.7342    99.3469     0.0262     4.6993 4.3956e-02      0.055     5.7049      98.63      0.978          0          1    156.045    154.259         25    34.5635    25.7563    14.4416    34.5636    25.7559    14.4436 0.0000e+00
      33166    368.000    370.728    14.4392   4.205214    14.4391   4.205205     1.7588     1.7254    99.3043     0.0279     4.6973 4.4672e-02      0.059     5.7175      98.63      0.953          0          1    155.502    153.625         27    34.5594    25.7653    14.3844    34.5594    25.7653    14.3843 0.0000e+00
      33193    369.000    371.736    14.3761   4.198853    14.3813   4.199400     1.7514     1.7197    99.2372     0.0306     4.6941 4.4331e-02      0.063     5.7361      98.63      0.905          0          1    154.754    153.479         26    34.5567    25.7766    14.3213    34.5571    25.7758    14.3265 0.0000e+00
      33217    370.000    372.744    14.3121   4.192346    14.3215   4.193195     1.7449     1.7139    99.1674     0.0334     4.6908 4.3951e-02      0.070     5.7364      98.63      0.934          0          1    154.114    152.677         23    34.5534    25.7877    14.2573    34.5528    25.7852    14.2667 0.0000e+00
      33239    371.000    373.753    14.2396   4.184818    14.2363   4.184326     1.7387     1.7078    99.0839     0.0368     4.6869 4.3956e-02      0.075     5.7380      98.63      1.030          0          1    153.488    151.983         21    34.5482    25.7990    14.1849    34.5466    25.7985    14.1816 0.0000e+00
      33260    372.000    374.761    14.1546   4.176319    14.1636   4.177157     1.7325     1.7012    99.0434     0.0384     4.6850 4.4540e-02      0.080     5.7524      98.63      1.126          0          1    153.100    151.259         21    34.5451    25.8146    14.0999    34.5449    25.8124    14.1089 0.0000e+00
      33281    373.000    375.769    14.0996   4.170713    14.1024   4.171010     1.7273     1.6946    99.0096     0.0398     4.6834 4.5176e-02      0.086     5.7922      98.63      1.160          0          1    152.891    150.985         22    34.5420    25.8237    14.0449    34.5423    25.8233    14.0477 0.0000e+00
      33305    374.000    376.777    14.0453   4.165180    14.0458   4.165210     1.7226     1.6896    98.9553     0.0420     4.6808 4.5177e-02      0.095     5.8128      98.63      1.079          0          1    152.666    150.801         26    34.5389    25.8327    13.9906    34.5387    25.8325    13.9911 0.0000e+00
      33333    375.000    377.786    13.9882   4.159359    13.9899   4.159543     1.7178     1.6841    98.9162     0.0436     4.6790 4.4345e-02      0.098     5.8031      98.63      0.931          0          1    152.328    150.500         28    34.5356    25.8421    13.9335    34.5358    25.8419    13.9352 0.0000e+00
      33359    376.000    378.794    13.9497   4.155593    13.9575   4.156418     1.7135     1.6805    98.9145     0.0437     4.6789 4.4149e-02      0.099     5.7654      98.63      0.885          0          1    152.039    150.503         25    34.5347    25.8495    13.8950    34.5354    25.8484    13.9028 0.0000e+00
      33383    377.000    379.802    13.9144   4.152010    13.9172   4.152182     1.7100     1.6783    98.8917     0.0446     4.6778 4.3954e-02      0.098     5.7760      98.63      0.955          0          1    151.874    150.353         23    34.5326    25.8552    13.8596    34.5317    25.8539    13.8624 0.0000e+00
      33405    378.000    380.811    13.8888   4.149492    13.8920   4.149875     1.7080     1.6757    98.8700     0.0454     4.6768 4.3956e-02      0.100     5.8250      98.63      1.055          0          1    151.839    150.100         22    34.5318    25.8599    13.8339    34.5325    25.8598    13.8371 0.0000e+00
      33428    379.000    381.819    13.8504   4.145615    13.8502   4.145626     1.7061     1.6732    98.8629     0.0457     4.6764 4.3956e-02      0.103     5.8898      98.63      1.088          0          1    151.804    150.050         24    34.5297    25.8663    13.7955    34.5300    25.8666    13.7953 0.0000e+00
      33453    380.000    382.828    13.8126   4.141799    13.8102   4.141600     1.7038     1.6716    98.8628     0.0457     4.6764 4.3956e-02      0.104     5.9263      98.63      1.017          0          1    151.648    150.108         25    34.5277    25.8726    13.7577    34.5280    25.8733    13.7553 0.0000e+00
      33478    381.000    383.836    13.7617   4.136657    13.7621   4.136754     1.7016     1.6698    98.8523     0.0461     4.6759 4.3956e-02      0.105     5.9299      98.63      0.947          0          1    151.553    150.075         25    34.5250    25.8811    13.7067    34.5256    25.8814    13.7071 0.0000e+00
      33502    382.000    384.844    13.7157   4.132052    13.7149   4.132012     1.6998     1.6685    98.8369     0.0468     4.6752 4.4291e-02      0.110     5.9413      98.63      0.989          0          1    151.307    150.062         22    34.5230    25.8890    13.6607    34.5233    25.8894    13.6599 0.0000e+00
      33523    383.000    385.853    13.6801   4.128577    13.6809   4.128722     1.6966     1.6669    98.8370     0.0468     4.6752 4.4077e-02      0.110     5.9086      98.63      1.090          0          1    151.119    149.934         20    34.5221    25.8957    13.6251    34.5227    25.8960    13.6259 0.0000e+00
      33543    384.000    386.861    13.6685   4.127456    13.6680   4.127502     1.6954     1.6654    98.8370     0.0468     4.6752 4.3957e-02      0.110     5.8636      98.63      1.166          0          1    151.205    149.684         22    34.5216    25.8977    13.6134    34.5225    25.8985    13.6129 0.0000e+00
      33567    385.000    387.869    13.6497   4.125566    13.6498   4.125667     1.6939     1.6630    98.8370     0.0468     4.6752 4.4600e-02      0.110     5.8229      98.63      1.109          0          1    151.034    149.447         26    34.5205    25.9007    13.5945    34.5213    25.9013    13.5946 0.0000e+00
      33596    386.000    388.878    13.6102   4.121614    13.6109   4.121770     1.6916     1.6603    98.8125     0.0478     4.6741 4.5188e-02      0.110     5.8233      98.63      0.888          0          1    150.824    149.321         30    34.5186    25.9074    13.5549    34.5194    25.9079    13.5556 0.0000e+00
      33624    387.000    389.886    13.5687   4.117426    13.5690   4.117531     1.6888     1.6580    98.8112     0.0478     4.6740 4.4071e-02      0.105     5.8371      98.63      0.825          0          1    150.371    148.925         26    34.5163    25.9142    13.5134    34.5171    25.9147    13.5137 0.0000e+00
      33648    388.000    390.895    13.4800   4.108150    13.4851   4.108512     1.6846     1.6543    98.8420     0.0466     4.6754 4.3450e-02      0.104     5.8165      98.63      0.944          0          1    149.724    148.441         22    34.5089    25.9265    13.4248    34.5077    25.9245    13.4299 0.0000e+00
      33669    389.000    391.903    13.2744   4.087679    13.2771   4.087636     1.6801     1.6503    98.8630     0.0457     4.6764 4.3283e-02      0.104     5.8314      98.63      1.084          0          1    149.522    148.360         20    34.5014    25.9625    13.2196    34.4986    25.9597    13.2223 0.0000e+00
      33689    390.000    392.911    13.1934   4.079416    13.1950   4.079386     1.6743     1.6457    98.8836     0.0449     4.6775 4.2730e-02      0.100     5.8634      98.63      1.176          0          1    149.074    147.913         20    34.4963    25.9748    13.1387    34.4946    25.9731    13.1403 0.0000e+00
      33710    391.000    393.920    13.0953   4.069552    13.0988   4.069818     1.6698     1.6408    98.8886     0.0447     4.6777 4.3316e-02      0.098     5.8715      98.63      1.189          0          1    149.149    147.626         23    34.4914    25.9907    13.0407    34.4908    25.9895    13.0442 0.0000e+00
      33735    392.000    394.928    13.0581   4.065873    13.0621   4.066288     1.6659     1.6357    98.9003     0.0442     4.6782 4.2750e-02      0.098     5.9020      98.63      1.062          0          1    149.014    147.411         28    34.4899    25.9970    13.0035    34.4902    25.9964    13.0075 0.0000e+00
      33765    393.000    395.937    13.0500   4.065131    13.0506   4.065298     1.6619     1.6317    98.9405     0.0426     4.6801 4.2735e-02      0.098     5.9430      98.63      0.847          0          1    148.734    147.235         30    34.4898    25.9985    12.9953    34.4908    25.9992    12.9959 0.0000e+00
      33792    394.000    396.945    13.0335   4.063547    13.0346   4.063756     1.6597     1.6286    98.9403     0.0426     4.6801 4.2735e-02      0.098     5.9198      98.63      0.838          0          1    148.718    147.002         24    34.4893    26.0015    12.9787    34.4903    26.0020    12.9798 0.0000e+00
      33813    395.000    397.953    13.0189   4.062164    13.0199   4.062357     1.6577     1.6265    98.9403     0.0426     4.6801 4.2735e-02      0.098     5.9027      98.63      0.996          0          1    148.353    146.773         20    34.4891    26.0042    12.9640    34.4900    26.0047    12.9650 0.0000e+00
      33833    396.000    398.962    12.9848   4.058714    12.9845   4.058678     1.6556     1.6244    98.9403     0.0426     4.6801 4.2735e-02      0.098     5.9167      98.63      1.162          0          1    148.052    146.579         19    34.4868    26.0093    12.9298    34.4868    26.0093    12.9295 0.0000e+00
      33853    397.000    399.971    12.9428   4.054613    12.9427   4.054667     1.6523     1.6219    98.9403     0.0426     4.6801 4.2735e-02      0.098     5.9432      98.63      1.229          0          1    147.610    146.356         22    34.4856    26.0167    12.8878    34.4862    26.0172    12.8877 0.0000e+00
      33877    398.000    400.979    12.8514   4.045265    12.8473   4.044812     1.6484     1.6190    98.9460     0.0424     4.6804 4.2735e-02      0.098     6.0092      98.63      1.127          0          1    147.437    146.189         26    34.4794    26.0300    12.7965    34.4788    26.0304    12.7924 0.0000e+00
      33904    399.000    401.987    12.8049   4.040774    12.8049   4.040864     1.6445     1.6146    98.9661     0.0416     4.6813 4.2735e-02      0.098     6.0695      98.63      0.918          0          1    147.185    145.637         28    34.4785    26.0385    12.7500    34.4793    26.0392    12.7500 0.0000e+00
      33931    400.000    402.996    12.7707   4.037370    12.7712   4.037521     1.6407     1.6106    98.9871     0.0407     4.6823 4.2735e-02      0.096     6.1127      98.63      0.863          0          1    146.820    145.340         25    34.4767    26.0439    12.7158    34.4777    26.0446    12.7163 0.0000e+00
      33955    401.000    404.004    12.7435   4.034728    12.7439   4.034884     1.6373     1.6073    98.9919     0.0405     4.6825 4.2735e-02      0.092     6.1612      98.63      0.969          0          1    146.467    145.069         22    34.4759    26.0486    12.6885    34.4770    26.0494    12.6889 0.0000e+00
      33976    402.000    405.013    12.7179   4.032210    12.7184   4.032376     1.6343     1.6046    99.0142     0.0396     4.6836 4.2735e-02      0.089     6.1684      98.63      1.077          0          1    146.038    144.801         22    34.4747    26.0528    12.6628    34.4759    26.0536    12.6633 0.0000e+00
      33999    403.000    406.021    12.6782   4.028258    12.6786   4.028384     1.6302     1.6013    99.0299     0.0390     4.6844 4.2735e-02      0.085     6.1929      98.63      1.111          0          1    145.384    144.220         23    34.4727    26.0591    12.6231    34.4736    26.0596    12.6235 0.0000e+00
