CTDdata/C09M001.cnv
* Sea-Bird SBE 9 Data File:
* FileName = C:\MR1703C\CTDdata\C09M001.hdr
* Software Version Seasave V 7.23.2
* Temperature SN = 031464
* Conductivity SN = 041203
* Number of Bytes Per Scan = 41
* Number of Voltage Words = 4
* Number of Scans Averaged by the Deck Unit = 1
* NMEA Latitude = 25 30.13 N
* NMEA Longitude = 124 00.74 E
* NMEA UTC (Time) = Jun 01 2017 10:42:32
* NMEA baud rate = 4800
** Cruise: MR17-03C
** Station: C09
** Bottom Depth [m]: 1914.0
** Operator: S.Tanihara
# nquan = 29                                
# nvalues = 3776                        
# units = specified
# name 0 = scan: Scan Count
# name 1 = depSM: Depth [salt water, m]
# name 2 = prDM: Pressure, Digiquartz [db]
# name 3 = t090C: Temperature [ITS-90, deg C]
# name 4 = c0S/m: Conductivity [S/m]
# name 5 = t190C: Temperature, 2 [ITS-90, deg C]
# name 6 = c1S/m: Conductivity, 2 [S/m]
# name 7 = sbeox0V: Oxygen raw, SBE 43 [V]
# name 8 = sbeox1V: Oxygen raw, SBE 43, 2 [V]
# name 9 = CStarTr0: Beam Transmission, WET Labs C-Star [%]
# name 10 = CStarAt0: Beam Attenuation, WET Labs C-Star [1/m]
# name 11 = v4: Voltage 4
# name 12 = flSP: Fluorescence, Seapoint
# name 13 = seaTurbMtr: Turbidity, Seapoint [FTU]
# name 14 = wetCDOM: Fluorescence, WET Labs CDOM [mg/m^3]
# name 15 = altM: Altimeter [m]
# name 16 = dz/dtM: Descent Rate [m/s]
# name 17 = modError: Modulo Error Count
# name 18 = pumps: Pump Status
# name 19 = sbeox0Mm/Kg: Oxygen, SBE 43 [umol/kg], WS = 2
# name 20 = sbeox1Mm/Kg: Oxygen, SBE 43, 2 [umol/kg], WS = 2
# name 21 = nbin: number of scans per bin
# name 22 = sal00: Salinity, Practical [PSU]
# name 23 = sigma-é00: Density [sigma-theta, kg/m^3]
# name 24 = potemp090C: Potential Temperature [ITS-90, deg C]
# name 25 = sal11: Salinity, Practical, 2 [PSU]
# name 26 = sigma-é11: Density, 2 [sigma-theta, kg/m^3]
# name 27 = potemp190C: Potential Temperature, 2 [ITS-90, deg C]
# name 28 = flag: flag
# span 0 =      23310,     158379       
# span 1 =      1.000,   1890.000       
# span 2 =      1.007,   1910.998       
# span 3 =     3.8021,    27.4519       
# span 4 =   3.262108,   5.485011       
# span 5 =     3.8027,    27.4526       
# span 6 =   3.262294,   5.485417       
# span 7 =     0.8579,     2.5915       
# span 8 =     0.8311,     2.5242       
# span 9 =    97.9255,    99.8961       
# span 10 =     0.0042,     0.0839      
# span 11 =     4.6321,     4.7253      
# span 12 = 3.9067e-02, 7.7381e-01      
# span 13 =      0.024,      0.114      
# span 14 =     0.6375,   115.8314      
# span 15 =       1.53,     105.95      
# span 16 =     -1.439,      1.440      
# span 17 =          0,          0      
# span 18 =          1,          1      
# span 19 =     68.283,    202.613      
# span 20 =     65.776,    200.438      
# span 21 =         16,        241      
# span 22 =    34.2920,    35.0389      
# span 23 =    22.1469,    27.3863      
# span 24 =     3.6478,    27.4503      
# span 25 =    34.2950,    35.0433      
# span 26 =    22.1483,    27.3872      
# span 27 =     3.6484,    27.4516      
# span 28 = 0.0000e+00, 0.0000e+00      
# interval = meters: 1                  
# start_time = Jun 01 2017 10:42:32 [NMEA time, header]
# bad_flag = -9.990e-29
*END*
[from data line 601]
      38837    605.000    609.835     7.0685   3.499653     7.0689   3.500001     1.1582     1.1329    99.0436     0.0384     4.6850 4.6983e-02      0.104     7.8734      98.63      1.039          0          1     98.263     97.511         23    34.3163    26.8788     7.0100    34.3197    26.8814     7.0104 0.0000e+00
      38861    606.000    610.844     7.0493   3.497984     7.0466   3.498041     1.1569     1.1312    99.0436     0.0384     4.6850 4.7620e-02      0.104     7.9108      98.63      1.037          0          1     98.430     97.282         24    34.3166    26.8817     6.9908    34.3199    26.8846     6.9881 0.0000e+00
      38885    607.000    611.854     7.0301   3.496385     7.0314   3.496818     1.1558     1.1290    99.0436     0.0384     4.6850 4.7619e-02      0.105     7.9259      98.63      1.016          0          1     97.995     97.037         24    34.3177    26.8852     6.9716    34.3211    26.8877     6.9729 0.0000e+00
      38909    608.000    612.863     7.0185   3.495421     7.0205   3.495945     1.1533     1.1274    99.0436     0.0384     4.6850 4.7516e-02      0.106     7.9292      98.63      1.007          0          1     97.680     96.945         24    34.3181    26.8871     6.9599    34.3219    26.8898     6.9619 0.0000e+00
      38933    609.000    613.873     7.0163   3.495297     7.0184   3.495830     1.1519     1.1261    99.0436     0.0384     4.6850 4.7621e-02      0.104     7.9188      98.63      1.003          0          1     97.890     96.908         24    34.3185    26.8877     6.9576    34.3222    26.8904     6.9597 0.0000e+00
      38957    610.000    614.882     7.0157   3.495303     7.0179   3.495837     1.1514     1.1248    99.0436     0.0384     4.6850 4.7619e-02      0.104     7.8841      98.63      1.013          0          1     97.677     96.795         24    34.3187    26.8880     6.9569    34.3223    26.8906     6.9591 0.0000e+00
      38980    611.000    615.891     7.0146   3.495260     7.0169   3.495826     1.1497     1.1241    99.0436     0.0384     4.6850 4.6778e-02      0.104     7.8916      98.63      1.031          0          1     97.495     96.835         23    34.3188    26.8882     6.9557    34.3227    26.8910     6.9580 0.0000e+00
      39003    612.000    616.901     7.0133   3.495204     7.0158   3.495769     1.1493     1.1235    99.0436     0.0384     4.6850 4.6717e-02      0.109     7.9189      98.63      1.053          0          1     97.778     96.688         23    34.3190    26.8886     6.9544    34.3227    26.8912     6.9568 0.0000e+00
      39026    613.000    617.911     7.0106   3.495033     7.0133   3.495616     1.1493     1.1226    99.0436     0.0384     4.6850 4.6983e-02      0.107     7.9692      98.63      1.048          0          1     97.679     96.688         23    34.3193    26.8892     6.9516    34.3230    26.8918     6.9542 0.0000e+00
      39050    614.000    618.920     7.0057   3.494664     7.0080   3.495214     1.1480     1.1221    99.0232     0.0393     4.6840 4.6398e-02      0.104     7.9941      98.63      1.031          0          1     97.185     96.681         24    34.3197    26.8902     6.9466    34.3234    26.8928     6.9489 0.0000e+00
      39073    615.000    619.930     7.0007   3.494264     7.0029   3.494810     1.1471     1.1218    99.0179     0.0395     4.6838 4.6398e-02      0.104     8.0114      98.63      1.040          0          1     97.481     96.652         23    34.3198    26.8910     6.9415    34.3236    26.8936     6.9437 0.0000e+00
      39096    616.000    620.939     6.9910   3.493474     6.9935   3.494032     1.1471     1.1210    99.0178     0.0395     4.6838 4.6398e-02      0.104     8.0523      98.63      1.039          0          1     97.604     96.425         24    34.3203    26.8927     6.9318    34.3239    26.8952     6.9342 0.0000e+00
      39120    617.000    621.948     6.9823   3.492741     6.9844   3.493316     1.1468     1.1204    99.0178     0.0395     4.6838 4.6398e-02      0.110     8.0487      98.63      1.014          0          1     97.265     96.431         24    34.3204    26.8940     6.9230    34.3246    26.8970     6.9251 0.0000e+00
      39145    618.000    622.958     6.9811   3.492708     6.9832   3.493265     1.1456     1.1196    99.0178     0.0395     4.6838 4.6794e-02      0.104     8.0485      98.63      0.987          0          1     97.082     96.341         25    34.3208    26.8944     6.9217    34.3248    26.8973     6.9238 0.0000e+00
      39170    619.000    623.968     6.9802   3.492679     6.9828   3.493260     1.1448     1.1190    99.0178     0.0395     4.6838 4.6393e-02      0.104     8.0676      98.63      0.977          0          1     97.146     96.298         24    34.3209    26.8947     6.9207    34.3246    26.8973     6.9233 0.0000e+00
      39193    620.000    624.977     6.9649   3.491354     6.9672   3.491900     1.1446     1.1182    99.0178     0.0395     4.6838 4.6398e-02      0.104     8.0761      98.63      1.005          0          1     97.034     96.099         23    34.3210    26.8969     6.9054    34.3247    26.8995     6.9077 0.0000e+00
      39216    621.000    625.987     6.9564   3.490647     6.9588   3.491206     1.1431     1.1176    99.0178     0.0395     4.6838 4.7514e-02      0.104     8.0701      98.63      1.060          0          1     96.578     96.112         22    34.3213    26.8982     6.8968    34.3250    26.9009     6.8992 0.0000e+00
      39238    622.000    626.997     6.9504   3.490188     6.9526   3.490708     1.1422     1.1169    99.0178     0.0395     4.6838 4.6669e-02      0.104     8.0767      98.63      1.090          0          1     96.932     96.043         23    34.3217    26.8994     6.8907    34.3252    26.9019     6.8929 0.0000e+00
      39260    623.000    628.006     6.9458   3.489802     6.9476   3.490321     1.1422     1.1163    99.0178     0.0395     4.6838 4.6400e-02      0.104     8.0605      98.63      1.085          0          1     97.020     95.909         22    34.3216    26.9000     6.8861    34.3255    26.9028     6.8878 0.0000e+00
      39284    624.000    629.015     6.9431   3.489594     6.9452   3.490159     1.1419     1.1156    99.0178     0.0395     4.6838 4.6398e-02      0.110     8.0234      98.63      1.059          0          1     96.635     95.959         24    34.3215    26.9003     6.8833    34.3256    26.9032     6.8854 0.0000e+00
      39308    625.000    630.025     6.9420   3.489557     6.9439   3.490086     1.1402     1.1150    99.0178     0.0395     4.6838 4.7533e-02      0.112     8.0283      98.63      1.011          0          1     96.358     95.792         25    34.3217    26.9006     6.8821    34.3256    26.9034     6.8840 0.0000e+00
      39333    626.000    631.035     6.9103   3.486772     6.9129   3.487274     1.1394     1.1140    99.0241     0.0392     4.6841 4.7223e-02      0.114     8.0494      98.63      0.970          0          1     96.334     95.459         25    34.3222    26.9053     6.8504    34.3251    26.9072     6.8530 0.0000e+00
      39358    627.000    632.044     6.8605   3.482340     6.8631   3.482808     1.1378     1.1124    99.0440     0.0384     4.6850 4.6537e-02      0.108     8.0212      98.63      0.971          0          1     95.900     95.135         24    34.3225    26.9123     6.8008    34.3251    26.9140     6.8033 0.0000e+00
      39382    628.000    633.054     6.8116   3.477977     6.8167   3.478672     1.1353     1.1105    99.0562     0.0379     4.6856 4.7643e-02      0.104     8.0079      98.63      1.009          0          1     95.115     94.753         23    34.3228    26.9191     6.7520    34.3253    26.9204     6.7571 0.0000e+00
      39404    629.000    634.063     6.7789   3.475039     6.7821   3.475565     1.1321     1.1078    99.0696     0.0374     4.6862 4.7619e-02      0.106     8.0288      98.63      1.051          0          1     94.911     94.226         22    34.3225    26.9233     6.7194    34.3251    26.9249     6.7225 0.0000e+00
      39426    630.000    635.073     6.7297   3.470688     6.7286   3.470806     1.1299     1.1052    99.0694     0.0374     4.6862 4.7619e-02      0.104     8.0419      98.63      1.103          0          1     94.751     93.967         22    34.3231    26.9304     6.6703    34.3255    26.9324     6.6692 0.0000e+00
      39449    631.000    636.082     6.6799   3.466315     6.6781   3.466440     1.1274     1.1024    99.0694     0.0374     4.6862 4.7619e-02      0.104     8.0276      98.63      1.093          0          1     94.391     93.546         24    34.3241    26.9378     6.6206    34.3272    26.9405     6.6188 0.0000e+00
      39474    632.000    637.092     6.6646   3.465016     6.6679   3.465598     1.1237     1.0990    99.0694     0.0374     4.6862 4.7211e-02      0.104     7.9859      98.63      0.998          0          1     93.756     93.172         27    34.3245    26.9402     6.6053    34.3276    26.9422     6.6086 0.0000e+00
      39500    633.000    638.102     6.6586   3.464529     6.6606   3.465027     1.1211     1.0961    99.0694     0.0374     4.6862 4.6394e-02      0.104     7.9823      98.63      0.935          0          1     93.812     92.891         24    34.3246    26.9411     6.5992    34.3281    26.9436     6.6012 0.0000e+00
      39523    634.000    639.112     6.6557   3.464321     6.6580   3.464865     1.1191     1.0938    99.0796     0.0370     4.6867 4.6882e-02      0.104     7.9724      98.63      0.984          0          1     93.811     92.810         23    34.3247    26.9416     6.5962    34.3284    26.9442     6.5985 0.0000e+00
      39545    635.000    640.121     6.6545   3.464279     6.6571   3.464855     1.1185     1.0924    99.0952     0.0364     4.6874 4.7618e-02      0.103     7.9705      98.63      1.056          0          1     93.805     92.928         22    34.3250    26.9419     6.5950    34.3287    26.9446     6.5975 0.0000e+00
      39567    636.000    641.131     6.6542   3.464318     6.6562   3.464836     1.1169     1.0915    99.0952     0.0364     4.6874 4.7619e-02      0.098     7.9907      98.63      1.104          0          1     93.470     92.821         22    34.3252    26.9422     6.5946    34.3289    26.9448     6.5965 0.0000e+00
      39591    637.000    642.140     6.6537   3.464312     6.6558   3.464849     1.1160     1.0904    99.0952     0.0364     4.6874 4.7472e-02      0.098     7.9745      98.63      1.072          0          1     93.628     92.676         25    34.3252    26.9422     6.5940    34.3290    26.9450     6.5960 0.0000e+00
      39616    638.000    643.150     6.6462   3.463708     6.6463   3.464048     1.1154     1.0893    99.0952     0.0364     4.6874 4.7374e-02      0.104     7.9923      98.63      0.979          0          1     93.635     92.658         25    34.3255    26.9435     6.5864    34.3292    26.9464     6.5865 0.0000e+00
      39640    639.000    644.159     6.6376   3.463016     6.6396   3.463537     1.1152     1.0886    99.0952     0.0364     4.6874 4.7623e-02      0.104     8.0175      98.63      0.977          0          1     93.602     92.624         23    34.3260    26.9450     6.5777    34.3297    26.9477     6.5797 0.0000e+00
      39662    640.000    645.169     6.6289   3.462303     6.6308   3.462815     1.1140     1.0880    99.0823     0.0369     4.6868 4.7619e-02      0.104     8.0544      98.63      1.045          0          1     93.032     92.553         22    34.3263    26.9464     6.5690    34.3300    26.9491     6.5709 0.0000e+00
      39684    641.000    646.179     6.6237   3.461906     6.6259   3.462423     1.1128     1.0873    99.0697     0.0374     4.6862 4.7619e-02      0.104     8.0773      98.63      1.122          0          1     93.228     92.493         21    34.3266    26.9474     6.5637    34.3301    26.9499     6.5659 0.0000e+00
      39706    642.000    647.188     6.6154   3.461233     6.6180   3.461817     1.1127     1.0869    99.0800     0.0370     4.6867 4.7619e-02      0.102     8.1171      98.63      1.133          0          1     93.336     92.449         22    34.3270    26.9488     6.5554    34.3308    26.9515     6.5579 0.0000e+00
      39729    643.000    648.198     6.6143   3.461182     6.6165   3.461742     1.1119     1.0858    99.0952     0.0364     4.6874 4.7521e-02      0.104     8.1554      98.63      1.072          0          1     93.183     92.123         25    34.3270    26.9490     6.5542    34.3310    26.9518     6.5563 0.0000e+00
      39755    644.000    649.208     6.6048   3.460375     6.6071   3.460907     1.1113     1.0849    99.0952     0.0364     4.6874 4.7619e-02      0.103     8.1532      98.63      0.973          0          1     92.891     92.246         27    34.3271    26.9503     6.5446    34.3307    26.9528     6.5469 0.0000e+00
      39782    645.000    650.217     6.5881   3.458921     6.5897   3.459269     1.1094     1.0841    99.1144     0.0356     4.6883 4.7619e-02      0.102     8.1396      98.63      0.902          0          1     92.560     91.913         27    34.3272    26.9526     6.5279    34.3295    26.9542     6.5295 0.0000e+00
      39807    646.000    651.227     6.5409   3.454822     6.5433   3.455306     1.1082     1.0827    99.1038     0.0360     4.6878 4.7619e-02      0.098     8.1174      98.63      0.922          0          1     92.506     91.648         24    34.3285    26.9599     6.4808    34.3315    26.9619     6.4832 0.0000e+00
      39831    647.000    652.236     6.5118   3.452333     6.5143   3.452821     1.1066     1.0807    99.0952     0.0364     4.6874 4.7228e-02      0.098     8.1290      98.63      0.995          0          1     92.118     91.269         22    34.3296    26.9645     6.4518    34.3325    26.9665     6.4543 0.0000e+00
      39852    648.000    653.246     6.4885   3.450319     6.4910   3.450831     1.1047     1.0793    99.1133     0.0356     4.6882 4.6985e-02      0.098     8.1552      98.63      1.097          0          1     91.709     91.139         21    34.3301    26.9680     6.4285    34.3333    26.9702     6.4310 0.0000e+00
      39873    649.000    654.256     6.4645   3.448267     6.4672   3.448780     1.1024     1.0775    99.1210     0.0353     4.6886 4.7267e-02      0.098     8.1479      98.63      1.155          0          1     91.343     90.887         21    34.3309    26.9718     6.4045    34.3339    26.9738     6.4072 0.0000e+00
      39895    650.000    655.266     6.4479   3.446919     6.4502   3.447444     1.1002     1.0756    99.1211     0.0353     4.6886 4.7162e-02      0.098     8.1306      98.63      1.118          0          1     91.331     90.665         24    34.3320    26.9749     6.3879    34.3356    26.9773     6.3902 0.0000e+00
      39920    651.000    656.275     6.4432   3.446585     6.4454   3.447115     1.0985     1.0739    99.1045     0.0360     4.6878 4.7621e-02      0.100     8.0917      98.63      1.023          0          1     91.233     90.600         25    34.3326    26.9759     6.3831    34.3362    26.9785     6.3853 0.0000e+00
      39945    652.000    657.285     6.4384   3.446251     6.4407   3.446788     1.0973     1.0723    99.1056     0.0360     4.6879 4.7619e-02      0.105     8.1142      98.63      0.958          0          1     91.333     90.350         25    34.3332    26.9770     6.3782    34.3368    26.9796     6.3805 0.0000e+00
      39969    653.000    658.295     6.4326   3.445824     6.4350   3.446354     1.0967     1.0706    99.0951     0.0364     4.6874 4.7619e-02      0.104     8.1278      98.63      0.985          0          1     91.041     90.124         23    34.3337    26.9782     6.3724    34.3372    26.9807     6.3748 0.0000e+00
