CTDdata/C10M002.cnv
* Sea-Bird SBE 9 Data File:
* FileName = C:\MR1703C\CTDdata\C10M002.hdr
* Software Version Seasave V 7.23.2
* Temperature SN = 031464
* Conductivity SN = 041203
* Number of Bytes Per Scan = 41
* Number of Voltage Words = 4
* Number of Scans Averaged by the Deck Unit = 1
* NMEA Latitude = 24 51.40 N
* NMEA Longitude = 123 50.19 E
* NMEA UTC (Time) = Jun 02 2017 22:55:54
* NMEA baud rate = 4800
** Cruise: MR17-03C
** Station: C10
** Bottom Depth [m]: 1462.0
** Operator: R.Kobayashi
# nquan = 29                                
# nvalues = 3026                        
# units = specified
# name 0 = scan: Scan Count
# name 1 = depSM: Depth [salt water, m]
# name 2 = prDM: Pressure, Digiquartz [db]
# name 3 = t090C: Temperature [ITS-90, deg C]
# name 4 = c0S/m: Conductivity [S/m]
# name 5 = t190C: Temperature, 2 [ITS-90, deg C]
# name 6 = c1S/m: Conductivity, 2 [S/m]
# name 7 = sbeox0V: Oxygen raw, SBE 43 [V]
# name 8 = sbeox1V: Oxygen raw, SBE 43, 2 [V]
# name 9 = CStarTr0: Beam Transmission, WET Labs C-Star [%]
# name 10 = CStarAt0: Beam Attenuation, WET Labs C-Star [1/m]
# name 11 = v4: Voltage 4
# name 12 = flSP: Fluorescence, Seapoint
# name 13 = seaTurbMtr: Turbidity, Seapoint [FTU]
# name 14 = wetCDOM: Fluorescence, WET Labs CDOM [mg/m^3]
# name 15 = altM: Altimeter [m]
# name 16 = dz/dtM: Descent Rate [m/s]
# name 17 = modError: Modulo Error Count
# name 18 = pumps: Pump Status
# name 19 = sbeox0Mm/Kg: Oxygen, SBE 43 [umol/kg], WS = 2
# name 20 = sbeox1Mm/Kg: Oxygen, SBE 43, 2 [umol/kg], WS = 2
# name 21 = nbin: number of scans per bin
# name 22 = sal00: Salinity, Practical [PSU]
# name 23 = sigma-é00: Density [sigma-theta, kg/m^3]
# name 24 = potemp090C: Potential Temperature [ITS-90, deg C]
# name 25 = sal11: Salinity, Practical, 2 [PSU]
# name 26 = sigma-é11: Density, 2 [sigma-theta, kg/m^3]
# name 27 = potemp190C: Potential Temperature, 2 [ITS-90, deg C]
# name 28 = flag: flag
# span 0 =      16337,     160970       
# span 1 =      1.000,   1515.000       
# span 2 =      1.006,   1530.389       
# span 3 =     3.7847,    27.5620       
# span 4 =   3.254012,   5.492497       
# span 5 =     3.7856,    27.5637       
# span 6 =   3.254294,   5.493083       
# span 7 =     0.8616,     2.5778       
# span 8 =     0.8414,     2.5131       
# span 9 =    97.5228,    99.8960       
# span 10 =     0.0042,     0.1004      
# span 11 =     4.6130,     4.7253      
# span 12 = 3.9063e-02, 4.1117e-01      
# span 13 =      0.024,      0.625      
# span 14 =     0.0149,    67.7297      
# span 15 =       9.33,     100.31      
# span 16 =     -1.608,      1.436      
# span 17 =          0,          0      
# span 18 =          1,          1      
# span 19 =     65.759,    200.503      
# span 20 =     66.002,    198.735      
# span 21 =         14,        185      
# span 22 =    34.2323,    35.0446      
# span 23 =    22.0490,    27.3816      
# span 24 =     3.6677,    27.5564      
# span 25 =    34.2322,    35.0522      
# span 26 =    22.0499,    27.3829      
# span 27 =     3.6685,    27.5581      
# span 28 = 0.0000e+00, 0.0000e+00      
# interval = meters: 1                  
# start_time = Jun 02 2017 22:55:54 [NMEA time, header]
# bad_flag = -9.990e-29
*END*
[from data line 1201]
      45994   1205.000   1216.334     3.9531   3.257244     3.9543   3.257528     0.8882     0.8659    99.8442     0.0062     4.7228 4.8840e-02      0.038     9.1886      98.63      1.142          0          1     67.612     67.504         19    34.4352    27.3513     3.8597    34.4373    27.3528     3.8609 0.0000e+00
      46012   1206.000   1217.347     3.9492   3.256990     3.9511   3.257365     0.8879     0.8655    99.8442     0.0062     4.7228 4.8840e-02      0.042     9.1920      98.63      1.264          0          1     67.490     67.407         17    34.4357    27.3521     3.8557    34.4382    27.3538     3.8576 0.0000e+00
      46030   1207.000   1218.359     3.9486   3.256980     3.9505   3.257364     0.8876     0.8652    99.8442     0.0062     4.7228 4.8840e-02      0.043     9.1904      98.63      1.347          0          1     67.497     67.430         18    34.4358    27.3522     3.8550    34.4383    27.3540     3.8569 0.0000e+00
      46047   1208.000   1219.371     3.9480   3.256978     3.9502   3.257393     0.8876     0.8651    99.8442     0.0062     4.7228 4.8840e-02      0.045     9.1890      98.63      1.382          0          1     67.554     67.544         18    34.4359    27.3523     3.8544    34.4384    27.3542     3.8565 0.0000e+00
      46066   1209.000   1220.384     3.9477   3.256998     3.9497   3.257388     0.8874     0.8651    99.8442     0.0062     4.7228 4.8840e-02      0.043     9.1726      98.63      1.369          0          1     67.501     67.577         19    34.4359    27.3524     3.8540    34.4384    27.3542     3.8560 0.0000e+00
      46086   1210.000   1221.396     3.9459   3.256874     3.9474   3.257206     0.8872     0.8649    99.8442     0.0062     4.7228 4.8840e-02      0.037     9.1566      98.63      1.263          0          1     67.550     67.364         22    34.4358    27.3525     3.8521    34.4382    27.3542     3.8536 0.0000e+00
      46108   1211.000   1222.408     3.9436   3.256741     3.9439   3.256961     0.8871     0.8646    99.8442     0.0062     4.7228 4.8840e-02      0.038     9.1493      98.63      1.159          0          1     67.527     67.360         21    34.4361    27.3530     3.8497    34.4384    27.3548     3.8500 0.0000e+00
      46129   1212.000   1223.421     3.9415   3.256613     3.9432   3.256969     0.8871     0.8644    99.8442     0.0062     4.7228 4.8840e-02      0.043     9.1434      98.63      1.136          0          1     67.516     67.371         20    34.4363    27.3534     3.8476    34.4387    27.3551     3.8493 0.0000e+00
      46148   1213.000   1224.433     3.9408   3.256592     3.9425   3.256965     0.8868     0.8641    99.8442     0.0062     4.7228 4.8840e-02      0.041     9.1625      98.63      1.184          0          1     67.510     67.516         19    34.4363    27.3534     3.8468    34.4389    27.3553     3.8485 0.0000e+00
      46167   1214.000   1225.445     3.9406   3.256634     3.9433   3.257100     0.8866     0.8644    99.8442     0.0062     4.7228 4.8840e-02      0.040     9.1672      98.63      1.265          0          1     67.508     67.420         18    34.4365    27.3536     3.8465    34.4392    27.3555     3.8492 0.0000e+00
      46184   1215.000   1226.458     3.9417   3.256767     3.9432   3.257082     0.8869     0.8640    99.8442     0.0062     4.7228 4.8840e-02      0.043     9.1633      98.63      1.334          0          1     67.519     67.255         18    34.4364    27.3535     3.8475    34.4386    27.3550     3.8490 0.0000e+00
      46203   1216.000   1227.470     3.9372   3.256427     3.9387   3.256780     0.8866     0.8639    99.8442     0.0062     4.7228 4.8840e-02      0.043     9.1698      98.63      1.345          0          1     67.419     67.418         19    34.4366    27.3541     3.8430    34.4392    27.3560     3.8445 0.0000e+00
      46222   1217.000   1228.482     3.9378   3.256523     3.9392   3.256864     0.8863     0.8638    99.8442     0.0062     4.7228 4.8961e-02      0.043     9.1726      98.63      1.297          0          1     67.456     67.382         20    34.4366    27.3540     3.8435    34.4391    27.3559     3.8449 0.0000e+00
      46242   1218.000   1229.495     3.9382   3.256602     3.9400   3.256978     0.8863     0.8637    99.8442     0.0062     4.7228 5.0053e-02      0.044     9.1481      98.63      1.244          0          1     67.485     67.338         20    34.4366    27.3540     3.8438    34.4391    27.3558     3.8456 0.0000e+00
      46262   1219.000   1230.507     3.9389   3.256724     3.9414   3.257141     0.8864     0.8634    99.8442     0.0062     4.7228 4.8923e-02      0.044     9.1482      98.63      1.227          0          1     67.532     67.359         19    34.4368    27.3541     3.8444    34.4391    27.3557     3.8469 0.0000e+00
      46280   1220.000   1231.520     3.9406   3.256898     3.9436   3.257362     0.8862     0.8636    99.8442     0.0062     4.7228 4.8841e-02      0.048     9.1677      98.63      1.268          0          1     67.484     67.434         18    34.4366    27.3538     3.8460    34.4389    27.3553     3.8490 0.0000e+00
      46298   1221.000   1232.532     3.9417   3.257039     3.9417   3.257229     0.8862     0.8635    99.8442     0.0062     4.7228 4.8840e-02      0.049     9.1730      98.63      1.317          0          1     67.440     67.218         18    34.4366    27.3537     3.8470    34.4388    27.3554     3.8470 0.0000e+00
      46317   1222.000   1233.545     3.9396   3.256893     3.9399   3.257136     0.8859     0.8629    99.8615     0.0055     4.7237 4.9319e-02      0.043     9.1467      98.63      1.337          0          1     67.395     67.299         18    34.4366    27.3539     3.8448    34.4391    27.3558     3.8451 0.0000e+00
      46336   1223.000   1234.557     3.9387   3.256877     3.9407   3.257261     0.8861     0.8633    99.8676     0.0053     4.7240 5.0064e-02      0.039     9.1330      98.63      1.309          0          1     67.550     67.523         21    34.4368    27.3541     3.8438    34.4392    27.3559     3.8458 0.0000e+00
      46357   1224.000   1235.569     3.9391   3.256940     3.9408   3.257313     0.8858     0.8633    99.8457     0.0061     4.7229 5.0061e-02      0.041     9.1332      98.63      1.217          0          1     67.394     67.319         22    34.4366    27.3540     3.8442    34.4393    27.3559     3.8458 0.0000e+00
      46379   1225.000   1236.582     3.9429   3.257312     3.9438   3.257621     0.8856     0.8630    99.8442     0.0062     4.7228 4.9125e-02      0.043     9.1518      98.63      1.127          0          1     67.480     67.313         22    34.4366    27.3535     3.8478    34.4393    27.3556     3.8487 0.0000e+00
      46401   1226.000   1237.594     3.9437   3.257415     3.9451   3.257747     0.8859     0.8630    99.8442     0.0062     4.7228 4.8838e-02      0.043     9.1698      98.63      1.094          0          1     67.544     67.432         21    34.4364    27.3534     3.8485    34.4389    27.3552     3.8499 0.0000e+00
      46421   1227.000   1238.607     3.9421   3.257325     3.9442   3.257712     0.8858     0.8632    99.8442     0.0062     4.7228 4.8976e-02      0.043     9.1589      98.63      1.155          0          1     67.318     67.333         18    34.4365    27.3536     3.8469    34.4389    27.3553     3.8489 0.0000e+00
      46438   1228.000   1239.619     3.9416   3.257320     3.9433   3.257694     0.8851     0.8627    99.8442     0.0062     4.7228 5.0058e-02      0.043     9.1465      98.63      1.274          0          1     67.205     67.175         18    34.4365    27.3537     3.8463    34.4391    27.3556     3.8480 0.0000e+00
      46456   1229.000   1240.632     3.9399   3.257218     3.9421   3.257594     0.8854     0.8627    99.8442     0.0062     4.7228 4.9797e-02      0.043     9.1374      98.63      1.357          0          1     67.434     67.379         18    34.4366    27.3539     3.8445    34.4387    27.3554     3.8467 0.0000e+00
      46474   1230.000   1241.644     3.9342   3.256786     3.9363   3.257163     0.8853     0.8628    99.8442     0.0062     4.7228 4.9593e-02      0.043     9.1116      98.63      1.378          0          1     67.407     67.353         18    34.4369    27.3547     3.8388    34.4392    27.3563     3.8409 0.0000e+00
      46493   1231.000   1242.657     3.9307   3.256537     3.9323   3.256889     0.8851     0.8625    99.8442     0.0062     4.7228 4.9097e-02      0.043     9.0811      98.63      1.336          0          1     67.382     67.339         20    34.4371    27.3553     3.8352    34.4396    27.3571     3.8368 0.0000e+00
      46514   1232.000   1243.668     3.9288   3.256412     3.9304   3.256765     0.8849     0.8627    99.8357     0.0066     4.7224 4.9994e-02      0.043     9.0706      98.63      1.237          0          1     67.428     67.463         21    34.4371    27.3555     3.8333    34.4396    27.3573     3.8348 0.0000e+00
      46536   1233.000   1244.681     3.9277   3.256375     3.9300   3.256781     0.8852     0.8627    99.8184     0.0073     4.7216 4.9839e-02      0.043     9.0678      98.63      1.145          0          1     67.503     67.427         22    34.4373    27.3557     3.8321    34.4397    27.3574     3.8344 0.0000e+00
      46556   1234.000   1245.694     3.9275   3.256394     3.9291   3.256744     0.8850     0.8627    99.8184     0.0073     4.7216 4.8966e-02      0.047     9.0697      98.63      1.135          0          1     67.311     67.318         19    34.4372    27.3557     3.8318    34.4397    27.3575     3.8334 0.0000e+00
      46575   1235.000   1246.707     3.9253   3.256269     3.9264   3.256561     0.8847     0.8624    99.8184     0.0073     4.7216 4.8839e-02      0.049     9.0724      98.63      1.215          0          1     67.284     67.280         18    34.4376    27.3562     3.8295    34.4399    27.3579     3.8306 0.0000e+00
      46592   1236.000   1247.719     3.9243   3.256218     3.9260   3.256570     0.8847     0.8623    99.8184     0.0073     4.7216 4.8840e-02      0.050     9.0952      98.63      1.318          0          1     67.430     67.433         18    34.4375    27.3563     3.8284    34.4399    27.3580     3.8301 0.0000e+00
      46610   1237.000   1248.731     3.9233   3.256175     3.9248   3.256517     0.8847     0.8625    99.8184     0.0073     4.7216 4.8840e-02      0.049     9.0877      98.63      1.377          0          1     67.442     67.353         17    34.4375    27.3564     3.8274    34.4400    27.3582     3.8289 0.0000e+00
      46627   1238.000   1249.744     3.9222   3.256129     3.9239   3.256491     0.8847     0.8620    99.8184     0.0073     4.7216 4.8840e-02      0.053     9.0246      98.63      1.398          0          1     67.364     67.171         18    34.4376    27.3566     3.8262    34.4401    27.3584     3.8279 0.0000e+00
      46646   1239.000   1250.757     3.9216   3.256123     3.9233   3.256484     0.8844     0.8620    99.8184     0.0073     4.7216 4.8840e-02      0.055     8.9730      98.63      1.366          0          1     67.456     67.420         19    34.4377    27.3567     3.8255    34.4402    27.3585     3.8272 0.0000e+00
      46666   1240.000   1251.769     3.9217   3.256177     3.9234   3.256538     0.8847     0.8623    99.8034     0.0079     4.7209 4.8840e-02      0.050     8.9513      98.63      1.262          0          1     67.443     67.518         21    34.4377    27.3567     3.8255    34.4402    27.3585     3.8272 0.0000e+00
      46687   1241.000   1252.781     3.9201   3.256081     3.9219   3.256444     0.8846     0.8621    99.7926     0.0083     4.7204 4.9774e-02      0.052     8.9670      98.63      1.182          0          1     67.267     67.251         22    34.4377    27.3569     3.8239    34.4401    27.3587     3.8256 0.0000e+00
      46709   1242.000   1253.794     3.9190   3.256033     3.9206   3.256377     0.8841     0.8619    99.7913     0.0083     4.7203 4.8912e-02      0.055     8.9704      98.63      1.140          0          1     67.369     67.313         22    34.4378    27.3571     3.8227    34.4402    27.3588     3.8243 0.0000e+00
      46730   1243.000   1254.807     3.9183   3.256003     3.9196   3.256353     0.8842     0.8620    99.7665     0.0093     4.7192 4.8839e-02      0.055     8.9858      98.63      1.119          0          1     67.364     67.400         19    34.4377    27.3571     3.8219    34.4405    27.3592     3.8232 0.0000e+00
      46749   1244.000   1255.819     3.9163   3.255892     3.9180   3.256241     0.8842     0.8616    99.7490     0.0101     4.7183 4.8840e-02      0.058     8.9527      98.63      1.188          0          1     67.393     67.214         18    34.4380    27.3575     3.8198    34.4403    27.3592     3.8215 0.0000e+00
      46767   1245.000   1256.831     3.9154   3.255856     3.9168   3.256190     0.8842     0.8617    99.7187     0.0113     4.7169 4.8840e-02      0.063     8.9180      98.63      1.301          0          1     67.286     67.213         18    34.4380    27.3576     3.8188    34.4405    27.3594     3.8202 0.0000e+00
      46785   1246.000   1257.844     3.9139   3.255771     3.9155   3.256115     0.8838     0.8614    99.7151     0.0114     4.7167 4.8840e-02      0.070     8.9227      98.63      1.356          0          1     67.258     67.226         18    34.4380    27.3578     3.8173    34.4404    27.3596     3.8189 0.0000e+00
      46802   1247.000   1258.857     3.9108   3.255567     3.9123   3.255899     0.8838     0.8614    99.7151     0.0114     4.7167 4.8840e-02      0.077     8.9318      98.63      1.374          0          1     67.384     67.388         18    34.4384    27.3584     3.8141    34.4407    27.3601     3.8156 0.0000e+00
      46820   1248.000   1259.869     3.9089   3.255452     3.9103   3.255799     0.8838     0.8615    99.7151     0.0114     4.7167 4.8840e-02      0.079     8.9286      98.63      1.376          0          1     67.288     67.344         18    34.4385    27.3587     3.8121    34.4411    27.3606     3.8135 0.0000e+00
      46839   1249.000   1260.882     3.9079   3.255418     3.9094   3.255754     0.8835     0.8613    99.6904     0.0124     4.7156 4.8840e-02      0.079     8.9313      98.63      1.337          0          1     67.173     67.186         19    34.4386    27.3589     3.8111    34.4410    27.3607     3.8125 0.0000e+00
      46859   1250.000   1261.894     3.9069   3.255379     3.9087   3.255750     0.8832     0.8610    99.6892     0.0124     4.7155 4.8840e-02      0.079     8.9254      98.63      1.264          0          1     67.302     67.112         21    34.4387    27.3591     3.8100    34.4412    27.3609     3.8118 0.0000e+00
      46881   1251.000   1262.907     3.9068   3.255413     3.9082   3.255743     0.8836     0.8607    99.6892     0.0124     4.7155 4.8840e-02      0.079     8.9094      98.63      1.183          0          1     67.420     67.098         22    34.4387    27.3591     3.8098    34.4411    27.3609     3.8112 0.0000e+00
      46902   1252.000   1263.919     3.9070   3.255463     3.9086   3.255824     0.8832     0.8605    99.6681     0.0133     4.7145 4.8840e-02      0.079     8.9044      98.63      1.126          0          1     67.122     67.277         21    34.4386    27.3590     3.8099    34.4412    27.3609     3.8115 0.0000e+00
      46923   1253.000   1264.932     3.9062   3.255441     3.9078   3.255781     0.8830     0.8607    99.6634     0.0135     4.7143 4.8840e-02      0.083     8.8967      98.63      1.130          0          1     67.257     67.210         22    34.4386    27.3591     3.8090    34.4410    27.3608     3.8106 0.0000e+00
