CTDdata/C10M002.cnv
* Sea-Bird SBE 9 Data File:
* FileName = C:\MR1703C\CTDdata\C10M002.hdr
* Software Version Seasave V 7.23.2
* Temperature SN = 031464
* Conductivity SN = 041203
* Number of Bytes Per Scan = 41
* Number of Voltage Words = 4
* Number of Scans Averaged by the Deck Unit = 1
* NMEA Latitude = 24 51.40 N
* NMEA Longitude = 123 50.19 E
* NMEA UTC (Time) = Jun 02 2017 22:55:54
* NMEA baud rate = 4800
** Cruise: MR17-03C
** Station: C10
** Bottom Depth [m]: 1462.0
** Operator: R.Kobayashi
# nquan = 29                                
# nvalues = 3026                        
# units = specified
# name 0 = scan: Scan Count
# name 1 = depSM: Depth [salt water, m]
# name 2 = prDM: Pressure, Digiquartz [db]
# name 3 = t090C: Temperature [ITS-90, deg C]
# name 4 = c0S/m: Conductivity [S/m]
# name 5 = t190C: Temperature, 2 [ITS-90, deg C]
# name 6 = c1S/m: Conductivity, 2 [S/m]
# name 7 = sbeox0V: Oxygen raw, SBE 43 [V]
# name 8 = sbeox1V: Oxygen raw, SBE 43, 2 [V]
# name 9 = CStarTr0: Beam Transmission, WET Labs C-Star [%]
# name 10 = CStarAt0: Beam Attenuation, WET Labs C-Star [1/m]
# name 11 = v4: Voltage 4
# name 12 = flSP: Fluorescence, Seapoint
# name 13 = seaTurbMtr: Turbidity, Seapoint [FTU]
# name 14 = wetCDOM: Fluorescence, WET Labs CDOM [mg/m^3]
# name 15 = altM: Altimeter [m]
# name 16 = dz/dtM: Descent Rate [m/s]
# name 17 = modError: Modulo Error Count
# name 18 = pumps: Pump Status
# name 19 = sbeox0Mm/Kg: Oxygen, SBE 43 [umol/kg], WS = 2
# name 20 = sbeox1Mm/Kg: Oxygen, SBE 43, 2 [umol/kg], WS = 2
# name 21 = nbin: number of scans per bin
# name 22 = sal00: Salinity, Practical [PSU]
# name 23 = sigma-é00: Density [sigma-theta, kg/m^3]
# name 24 = potemp090C: Potential Temperature [ITS-90, deg C]
# name 25 = sal11: Salinity, Practical, 2 [PSU]
# name 26 = sigma-é11: Density, 2 [sigma-theta, kg/m^3]
# name 27 = potemp190C: Potential Temperature, 2 [ITS-90, deg C]
# name 28 = flag: flag
# span 0 =      16337,     160970       
# span 1 =      1.000,   1515.000       
# span 2 =      1.006,   1530.389       
# span 3 =     3.7847,    27.5620       
# span 4 =   3.254012,   5.492497       
# span 5 =     3.7856,    27.5637       
# span 6 =   3.254294,   5.493083       
# span 7 =     0.8616,     2.5778       
# span 8 =     0.8414,     2.5131       
# span 9 =    97.5228,    99.8960       
# span 10 =     0.0042,     0.1004      
# span 11 =     4.6130,     4.7253      
# span 12 = 3.9063e-02, 4.1117e-01      
# span 13 =      0.024,      0.625      
# span 14 =     0.0149,    67.7297      
# span 15 =       9.33,     100.31      
# span 16 =     -1.608,      1.436      
# span 17 =          0,          0      
# span 18 =          1,          1      
# span 19 =     65.759,    200.503      
# span 20 =     66.002,    198.735      
# span 21 =         14,        185      
# span 22 =    34.2323,    35.0446      
# span 23 =    22.0490,    27.3816      
# span 24 =     3.6677,    27.5564      
# span 25 =    34.2322,    35.0522      
# span 26 =    22.0499,    27.3829      
# span 27 =     3.6685,    27.5581      
# span 28 = 0.0000e+00, 0.0000e+00      
# interval = meters: 1                  
# start_time = Jun 02 2017 22:55:54 [NMEA time, header]
# bad_flag = -9.990e-29
*END*
[from data line 2551]
     142937    475.000    478.623    10.8872   3.850462    10.8886   3.850786     1.4872     1.4688    99.8442     0.0062     4.7228 4.2740e-02      0.029     6.6687      98.63     -1.298          0          1    134.958    134.909         18    34.3600    26.3079    10.8282    34.3620    26.3092    10.8296 0.0000e+00
     142955    474.000    477.614    10.9177   3.853435    10.9189   3.853570     1.4892     1.4707    99.8442     0.0062     4.7228 4.2735e-02      0.031     6.6509      98.63     -1.326          0          1    135.205    135.295         19    34.3616    26.3037    10.8588    34.3618    26.3036    10.8600 0.0000e+00
     142973    473.000    476.605    10.9513   3.856579    10.9461   3.856400     1.4918     1.4732    99.8442     0.0062     4.7228 4.2735e-02      0.027     6.6540      98.63     -1.323          0          1    135.532    135.616         18    34.3619    26.2979    10.8924    34.3650    26.3013    10.8872 0.0000e+00
     142992    472.000    475.596    10.9978   3.861246    10.9967   3.861320     1.4943     1.4755    99.8442     0.0062     4.7228 4.1507e-02      0.027     6.6262      98.63     -1.302          0          1    135.759    135.789         19    34.3654    26.2923    10.9388    34.3671    26.2939    10.9377 0.0000e+00
     143011    471.000    474.588    11.0407   3.865291    11.0424   3.865586     1.4970     1.4784    99.8442     0.0062     4.7228 4.1514e-02      0.024     6.5977      98.63     -1.291          0          1    135.894    136.052         20    34.3660    26.2851    10.9817    34.3673    26.2858    10.9834 0.0000e+00
     143031    470.000    473.579    11.0656   3.867630    11.0632   3.867612     1.4994     1.4809    99.8442     0.0062     4.7228 4.1992e-02      0.029     6.5688      98.63     -1.253          0          1    136.076    136.259         20    34.3664    26.2809    11.0067    34.3685    26.2829    11.0043 0.0000e+00
     143052    469.000    472.570    11.0786   3.868892    11.0844   3.869583     1.5019     1.4836    99.8442     0.0062     4.7228 4.2719e-02      0.025     6.5625      98.63     -1.207          0          1    136.209    136.500         21    34.3673    26.2792    11.0198    34.3687    26.2793    11.0255 0.0000e+00
     143073    468.000    471.562    11.0953   3.870443    11.0910   3.870144     1.5035     1.4858    99.8442     0.0062     4.7228 4.2735e-02      0.028     6.5366      98.63     -1.170          0          1    136.159    136.559         20    34.3675    26.2764    11.0365    34.3686    26.2780    11.0322 0.0000e+00
     143092    467.000    470.553    11.1097   3.871854    11.1070   3.871739     1.5048     1.4876    99.8442     0.0062     4.7228 4.2735e-02      0.024     6.5196      98.63     -1.173          0          1    136.319    136.783         20    34.3685    26.2745    11.0510    34.3699    26.2761    11.0483 0.0000e+00
     143112    466.000    469.544    11.1353   3.874335    11.1382   3.874756     1.5064     1.4898    99.8442     0.0062     4.7228 4.2735e-02      0.024     6.4933      98.63     -1.216          0          1    136.459    136.910         20    34.3697    26.2708    11.0766    34.3712    26.2714    11.0795 0.0000e+00
     143132    465.000    468.535    11.1591   3.876557    11.1582   3.876587     1.5080     1.4912    99.8442     0.0062     4.7228 4.1583e-02      0.026     6.4711      98.63     -1.221          0          1    136.560    136.860         20    34.3700    26.2667    11.1005    34.3711    26.2678    11.0996 0.0000e+00
     143153    464.000    467.526    11.1695   3.877519    11.1684   3.877524     1.5094     1.4925    99.8442     0.0062     4.7228 4.1515e-02      0.031     6.4640      98.63     -1.198          0          1    136.625    136.914         21    34.3703    26.2650    11.1110    34.3713    26.2661    11.1099 0.0000e+00
     143174    463.000    466.518    11.1806   3.878561    11.1811   3.878731     1.5106     1.4937    99.8442     0.0062     4.7228 4.1514e-02      0.031     6.4654      98.63     -1.176          0          1    136.765    137.097         21    34.3707    26.2633    11.1222    34.3719    26.2642    11.1227 0.0000e+00
     143195    462.000    465.509    11.1942   3.879844    11.1939   3.879914     1.5124     1.4952    99.8442     0.0062     4.7228 4.1514e-02      0.028     6.4532      98.63     -1.133          0          1    137.224    137.349         22    34.3712    26.2612    11.1359    34.3721    26.2620    11.1356 0.0000e+00
     143217    461.000    464.500    11.2189   3.882338    11.2166   3.882223     1.5152     1.4975    99.8688     0.0052     4.7240 4.1514e-02      0.024     6.4298      98.63     -1.118          0          1    137.841    137.887         20    34.3733    26.2584    11.1606    34.3743    26.2596    11.1583 0.0000e+00
     143235    460.000    463.491    11.3107   3.891480    11.2951   3.890260     1.5185     1.5003    99.8700     0.0052     4.7241 4.1514e-02      0.024     6.4235      98.63     -1.190          0          1    138.221    138.243         18    34.3787    26.2459    11.2522    34.3811    26.2506    11.2367 0.0000e+00
     143253    459.000    462.483    11.3967   3.899691    11.3830   3.898717     1.5224     1.5034    99.8506     0.0060     4.7231 4.1514e-02      0.024     6.4196      98.63     -1.309          0          1    138.577    138.534         17    34.3802    26.2314    11.3381    34.3833    26.2363    11.3244 0.0000e+00
     143270    458.000    461.474    11.4390   3.903818    11.4353   3.903672     1.5260     1.5070    99.8442     0.0062     4.7228 4.1514e-02      0.024     6.4119      98.63     -1.375          0          1    138.831    138.928         18    34.3820    26.2250    11.3804    34.3840    26.2272    11.3767 0.0000e+00
     143289    457.000    460.465    11.4586   3.905786    11.4487   3.904966     1.5296     1.5107    99.8442     0.0062     4.7228 4.1642e-02      0.027     6.4022      98.63     -1.355          0          1    139.093    139.342         19    34.3836    26.2226    11.4000    34.3848    26.2253    11.3902 0.0000e+00
     143309    456.000    459.457    11.5075   3.910511    11.4949   3.909453     1.5329     1.5146    99.8442     0.0062     4.7228 4.1513e-02      0.024     6.3844      98.63     -1.287          0          1    139.251    139.645         20    34.3852    26.2148    11.4489    34.3865    26.2182    11.4363 0.0000e+00
     143330    455.000    458.448    11.5360   3.913423    11.5359   3.913580     1.5360     1.5184    99.8442     0.0062     4.7228 4.2740e-02      0.024     6.3570      98.63     -1.207          0          1    139.561    139.969         22    34.3878    26.2116    11.4774    34.3895    26.2129    11.4773 0.0000e+00
     143352    454.000    457.439    11.5898   3.918671    11.5753   3.917306     1.5400     1.5222    99.8442     0.0062     4.7228 4.2096e-02      0.024     6.3709      98.63     -1.121          0          1    140.060    140.134         23    34.3899    26.2033    11.5312    34.3900    26.2060    11.5167 0.0000e+00
     143375    453.000    456.431    11.6467   3.924125    11.6226   3.922114     1.5441     1.5254    99.8442     0.0062     4.7228 4.2237e-02      0.026     6.3570      98.63     -1.064          0          1    140.503    140.492         22    34.3912    26.1937    11.5880    34.3938    26.2002    11.5640 0.0000e+00
     143395    452.000    455.422    11.6824   3.927771    11.6692   3.926631     1.5482     1.5291    99.8442     0.0062     4.7228 4.1508e-02      0.026     6.3451      98.63     -1.114          0          1    141.093    141.025         18    34.3943    26.1895    11.6238    34.3953    26.1927    11.6106 0.0000e+00
     143413    451.000    454.413    11.7579   3.935136    11.7541   3.935191     1.5526     1.5328    99.8442     0.0062     4.7228 4.1514e-02      0.024     6.3347      98.63     -1.237          0          1    141.445    141.362         19    34.3970    26.1775    11.6991    34.4010    26.1813    11.6954 0.0000e+00
     143431    450.000    453.405    11.7959   3.938849    11.7946   3.938887     1.5564     1.5369    99.8456     0.0061     4.7229 4.1514e-02      0.024     6.3451      98.63     -1.321          0          1    141.660    141.727         18    34.3986    26.1716    11.7372    34.4002    26.1731    11.7359 0.0000e+00
     143450    449.000    452.396    11.8236   3.941554    11.8227   3.941631     1.5599     1.5406    99.8480     0.0061     4.7230 4.1936e-02      0.026     6.3410      98.63     -1.320          0          1    141.864    141.977         20    34.3998    26.1674    11.7649    34.4014    26.1688    11.7640 0.0000e+00
     143471    448.000    451.387    11.8547   3.944576    11.8528   3.944587     1.5634     1.5442    99.8636     0.0054     4.7238 4.2265e-02      0.029     6.3180      98.63     -1.239          0          1    142.289    142.314         21    34.4011    26.1625    11.7960    34.4029    26.1643    11.7941 0.0000e+00
     143492    447.000    450.379    11.9074   3.950038    11.8778   3.947218     1.5676     1.5483    99.8456     0.0061     4.7229 4.1525e-02      0.024     6.3077      98.63     -1.163          0          1    142.570    142.793         22    34.4061    26.1565    11.8487    34.4059    26.1619    11.8192 0.0000e+00
     143515    446.000    449.370    11.9791   3.956838    11.9684   3.956141     1.5709     1.5522    99.8477     0.0061     4.7230 4.1514e-02      0.024     6.3048      98.63     -1.104          0          1    142.658    142.939         22    34.4066    26.1433    11.9203    34.4097    26.1477    11.9096 0.0000e+00
     143536    445.000    448.361    11.9925   3.958079    11.9894   3.957896     1.5744     1.5563    99.8704     0.0052     4.7241 4.1514e-02      0.024     6.2850      98.63     -1.082          0          1    143.281    143.568         21    34.4068    26.1409    11.9338    34.4079    26.1423    11.9307 0.0000e+00
     143556    444.000    447.353    12.0153   3.960533    12.0033   3.959509     1.5786     1.5604    99.8700     0.0052     4.7241 4.1514e-02      0.024     6.2876      98.63     -1.149          0          1    144.019    144.141         19    34.4101    26.1391    11.9566    34.4112    26.1422    11.9447 0.0000e+00
     143576    443.000    446.344    12.1287   3.971753    12.1166   3.971123     1.5833     1.5647    99.8700     0.0052     4.7241 4.1514e-02      0.024     6.2932      98.63     -1.225          0          1    144.501    144.498         20    34.4151    26.1215    12.0698    34.4201    26.1276    12.0578 0.0000e+00
     143595    442.000    445.335    12.1964   3.978248    12.1886   3.977661     1.5893     1.5700    99.8700     0.0052     4.7241 4.1514e-02      0.024     6.2882      98.63     -1.244          0          1    145.135    145.163         20    34.4162    26.1094    12.1374    34.4177    26.1120    12.1297 0.0000e+00
     143618    441.000    444.327    12.2460   3.983197    12.2371   3.982438     1.5950     1.5760    99.8700     0.0052     4.7241 4.1514e-02      0.024     6.2855      98.63     -1.179          0          1    145.374    145.659         25    34.4190    26.1020    12.1870    34.4198    26.1044    12.1781 0.0000e+00
     143644    440.000    443.318    12.2731   3.985735    12.2656   3.985148     1.5998     1.5820    99.8700     0.0052     4.7241 4.1514e-02      0.024     6.2858      98.63     -0.989          0          1    145.471    145.954         27    34.4190    26.0969    12.2142    34.4202    26.0993    12.2067 0.0000e+00
     143670    439.000    442.310    12.2832   3.986683    12.2756   3.986014     1.6034     1.5863    99.8700     0.0052     4.7241 4.1514e-02      0.024     6.2872      98.63     -0.913          0          1    145.711    146.248         25    34.4194    26.0952    12.2244    34.4199    26.0970    12.2168 0.0000e+00
     143695    438.000    441.301    12.2857   3.986847    12.2844   3.986811     1.6060     1.5897    99.8700     0.0052     4.7241 4.1514e-02      0.024     6.2903      98.63     -0.944          0          1    145.857    146.401         25    34.4191    26.0944    12.2270    34.4199    26.0953    12.2257 0.0000e+00
     143720    437.000    440.292    12.2874   3.986922    12.2868   3.986936     1.6079     1.5923    99.8700     0.0052     4.7241 4.1514e-02      0.028     6.3074      98.63     -0.958          0          1    145.922    146.386         25    34.4187    26.0938    12.2288    34.4193    26.0944    12.2282 0.0000e+00
     143745    436.000    439.284    12.2876   3.986866    12.2869   3.986867     1.6094     1.5929    99.8700     0.0052     4.7241 4.1514e-02      0.028     6.3354      98.63     -0.986          0          1    146.019    146.182         24    34.4184    26.0935    12.2292    34.4190    26.0941    12.2285 0.0000e+00
     143768    435.000    438.275    12.2873   3.986757    12.2870   3.986792     1.6100     1.5932    99.8700     0.0052     4.7241 4.0446e-02      0.024     6.3338      98.63     -1.007          0          1    145.892    146.197         24    34.4180    26.0932    12.2290    34.4186    26.0938    12.2287 0.0000e+00
     143792    434.000    437.266    12.2901   3.986975    12.2889   3.986921     1.6111     1.5939    99.8700     0.0052     4.7241 4.0648e-02      0.025     6.3272      98.63     -1.015          0          1    146.217    146.409         24    34.4180    26.0926    12.2319    34.4185    26.0933    12.2307 0.0000e+00
     143816    433.000    436.258    12.2953   3.987414    12.2936   3.987309     1.6124     1.5952    99.8700     0.0052     4.7241 4.1512e-02      0.024     6.3067      98.63     -1.012          0          1    146.334    146.519         24    34.4179    26.0915    12.2373    34.4184    26.0923    12.2356 0.0000e+00
     143841    432.000    435.250    12.2989   3.987695    12.2984   3.987704     1.6135     1.5959    99.8700     0.0052     4.7241 4.1514e-02      0.024     6.2666      98.63     -0.989          0          1    146.361    146.540         25    34.4177    26.0907    12.2410    34.4182    26.0912    12.2405 0.0000e+00
     143866    431.000    434.241    12.2997   3.987718    12.2995   3.987732     1.6141     1.5967    99.8700     0.0052     4.7241 4.1514e-02      0.024     6.2408      98.63     -0.983          0          1    146.383    146.678         24    34.4176    26.0904    12.2419    34.4179    26.0907    12.2417 0.0000e+00
     143890    430.000    433.232    12.3031   3.988028    12.3014   3.987904     1.6149     1.5978    99.8700     0.0052     4.7241 4.1308e-02      0.024     6.2390      98.63     -1.000          0          1    146.435    146.777         24    34.4179    26.0900    12.2454    34.4183    26.0906    12.2438 0.0000e+00
     143913    429.000    432.224    12.3199   3.989646    12.3167   3.989398     1.6154     1.5987    99.8700     0.0052     4.7241 4.1515e-02      0.024     6.2691      98.63     -1.013          0          1    146.459    146.962         23    34.4185    26.0872    12.2623    34.4191    26.0883    12.2591 0.0000e+00
     143935    428.000    431.215    12.3270   3.990314    12.3243   3.990106     1.6163     1.6002    99.8700     0.0052     4.7241 4.1456e-02      0.024     6.2736      98.63     -1.067          0          1    146.667    147.194         21    34.4189    26.0861    12.2695    34.4194    26.0870    12.2669 0.0000e+00
     143956    427.000    430.207    12.3465   3.992453    12.3413   3.991933     1.6176     1.6018    99.8700     0.0052     4.7241 4.1513e-02      0.024     6.2764      98.63     -1.129          0          1    147.034    147.291         21    34.4221    26.0848    12.2891    34.4218    26.0856    12.2839 0.0000e+00
