CTDdata/C10M002.cnv
* Sea-Bird SBE 9 Data File:
* FileName = C:\MR1703C\CTDdata\C10M002.hdr
* Software Version Seasave V 7.23.2
* Temperature SN = 031464
* Conductivity SN = 041203
* Number of Bytes Per Scan = 41
* Number of Voltage Words = 4
* Number of Scans Averaged by the Deck Unit = 1
* NMEA Latitude = 24 51.40 N
* NMEA Longitude = 123 50.19 E
* NMEA UTC (Time) = Jun 02 2017 22:55:54
* NMEA baud rate = 4800
** Cruise: MR17-03C
** Station: C10
** Bottom Depth [m]: 1462.0
** Operator: R.Kobayashi
# nquan = 29                                
# nvalues = 3026                        
# units = specified
# name 0 = scan: Scan Count
# name 1 = depSM: Depth [salt water, m]
# name 2 = prDM: Pressure, Digiquartz [db]
# name 3 = t090C: Temperature [ITS-90, deg C]
# name 4 = c0S/m: Conductivity [S/m]
# name 5 = t190C: Temperature, 2 [ITS-90, deg C]
# name 6 = c1S/m: Conductivity, 2 [S/m]
# name 7 = sbeox0V: Oxygen raw, SBE 43 [V]
# name 8 = sbeox1V: Oxygen raw, SBE 43, 2 [V]
# name 9 = CStarTr0: Beam Transmission, WET Labs C-Star [%]
# name 10 = CStarAt0: Beam Attenuation, WET Labs C-Star [1/m]
# name 11 = v4: Voltage 4
# name 12 = flSP: Fluorescence, Seapoint
# name 13 = seaTurbMtr: Turbidity, Seapoint [FTU]
# name 14 = wetCDOM: Fluorescence, WET Labs CDOM [mg/m^3]
# name 15 = altM: Altimeter [m]
# name 16 = dz/dtM: Descent Rate [m/s]
# name 17 = modError: Modulo Error Count
# name 18 = pumps: Pump Status
# name 19 = sbeox0Mm/Kg: Oxygen, SBE 43 [umol/kg], WS = 2
# name 20 = sbeox1Mm/Kg: Oxygen, SBE 43, 2 [umol/kg], WS = 2
# name 21 = nbin: number of scans per bin
# name 22 = sal00: Salinity, Practical [PSU]
# name 23 = sigma-é00: Density [sigma-theta, kg/m^3]
# name 24 = potemp090C: Potential Temperature [ITS-90, deg C]
# name 25 = sal11: Salinity, Practical, 2 [PSU]
# name 26 = sigma-é11: Density, 2 [sigma-theta, kg/m^3]
# name 27 = potemp190C: Potential Temperature, 2 [ITS-90, deg C]
# name 28 = flag: flag
# span 0 =      16337,     160970       
# span 1 =      1.000,   1515.000       
# span 2 =      1.006,   1530.389       
# span 3 =     3.7847,    27.5620       
# span 4 =   3.254012,   5.492497       
# span 5 =     3.7856,    27.5637       
# span 6 =   3.254294,   5.493083       
# span 7 =     0.8616,     2.5778       
# span 8 =     0.8414,     2.5131       
# span 9 =    97.5228,    99.8960       
# span 10 =     0.0042,     0.1004      
# span 11 =     4.6130,     4.7253      
# span 12 = 3.9063e-02, 4.1117e-01      
# span 13 =      0.024,      0.625      
# span 14 =     0.0149,    67.7297      
# span 15 =       9.33,     100.31      
# span 16 =     -1.608,      1.436      
# span 17 =          0,          0      
# span 18 =          1,          1      
# span 19 =     65.759,    200.503      
# span 20 =     66.002,    198.735      
# span 21 =         14,        185      
# span 22 =    34.2323,    35.0446      
# span 23 =    22.0490,    27.3816      
# span 24 =     3.6677,    27.5564      
# span 25 =    34.2322,    35.0522      
# span 26 =    22.0499,    27.3829      
# span 27 =     3.6685,    27.5581      
# span 28 = 0.0000e+00, 0.0000e+00      
# interval = meters: 1                  
# start_time = Jun 02 2017 22:55:54 [NMEA time, header]
# bad_flag = -9.990e-29
*END*
[from data line 2451]
     138441    575.000    579.526     8.2261   3.596241     8.2274   3.596486     1.2870     1.2715    99.8586     0.0056     4.7235 4.5177e-02      0.031     7.1947      98.63     -1.279          0          1    115.305    115.886         18    34.2354    26.6486     8.1657    34.2368    26.6494     8.1670 0.0000e+00
     138458    574.000    578.517     8.2382   3.597397     8.2419   3.597914     1.2876     1.2722    99.8697     0.0052     4.7241 4.5177e-02      0.031     7.2141      98.63     -1.364          0          1    115.555    116.109         18    34.2364    26.6475     8.1779    34.2383    26.6485     8.1815 0.0000e+00
     138477    573.000    577.508     8.2676   3.600019     8.2803   3.601349     1.2892     1.2736    99.8624     0.0055     4.7237 4.5177e-02      0.031     7.2206      98.63     -1.356          0          1    115.858    116.367         20    34.2362    26.6429     8.2072    34.2380    26.6424     8.2199 0.0000e+00
     138498    572.000    576.499     8.2859   3.601538     8.2977   3.602767     1.2911     1.2752    99.8447     0.0062     4.7228 4.5177e-02      0.031     7.2427      98.63     -1.244          0          1    115.990    116.572         22    34.2350    26.6392     8.2256    34.2366    26.6387     8.2373 0.0000e+00
     138523    571.000    575.489     8.3129   3.604008     8.3157   3.604376     1.2928     1.2772    99.8442     0.0062     4.7228 4.5177e-02      0.031     7.2284      98.63     -1.071          0          1    116.267    116.953         27    34.2355    26.6355     8.2526    34.2366    26.6360     8.2554 0.0000e+00
     138549    570.000    574.480     8.3405   3.606531     8.3476   3.607261     1.2957     1.2801    99.8588     0.0056     4.7235 4.5177e-02      0.031     7.1981      98.63     -0.919          0          1    116.988    117.540         25    34.2359    26.6317     8.2802    34.2367    26.6313     8.2872 0.0000e+00
     138572    569.000    573.471     8.3988   3.611917     8.4051   3.612801     1.2995     1.2833    99.8701     0.0052     4.7241 4.5177e-02      0.031     7.1399      98.63     -0.973          0          1    117.788    118.057         20    34.2369    26.6236     8.3383    34.2401    26.6252     8.3446 0.0000e+00
     138591    568.000    572.461     8.4638   3.617827     8.4767   3.619267     1.3033     1.2864    99.8700     0.0052     4.7241 4.5177e-02      0.027     7.1310      98.63     -1.139          0          1    118.259    118.491         19    34.2369    26.6137     8.4032    34.2396    26.6139     8.4160 0.0000e+00
     138609    567.000    571.452     8.5029   3.621555     8.5066   3.622154     1.3070     1.2899    99.8700     0.0052     4.7241 4.4041e-02      0.024     7.1645      98.63     -1.273          0          1    118.517    119.043         17    34.2388    26.6093     8.4422    34.2416    26.6109     8.4459 0.0000e+00
     138627    566.000    570.443     8.5372   3.624915     8.5436   3.625682     1.3097     1.2935    99.8700     0.0052     4.7241 4.4499e-02      0.025     7.1952      98.63     -1.357          0          1    118.635    119.325         18    34.2416    26.6062     8.4765    34.2435    26.6067     8.4828 0.0000e+00
     138646    565.000    569.434     8.5535   3.626404     8.5651   3.627745     1.3130     1.2965    99.8700     0.0052     4.7241 4.5000e-02      0.031     7.1838      98.63     -1.339          0          1    118.997    119.504         20    34.2420    26.6040     8.4928    34.2449    26.6045     8.5044 0.0000e+00
     138667    564.000    568.424     8.5786   3.628722     8.5840   3.629377     1.3159     1.2997    99.8700     0.0052     4.7241 4.3948e-02      0.031     7.1242      98.63     -1.228          0          1    119.089    119.700         22    34.2426    26.6006     8.5179    34.2443    26.6011     8.5233 0.0000e+00
     138690    563.000    567.415     8.5899   3.629750     8.5901   3.629924     1.3185     1.3026    99.8627     0.0055     4.7237 4.3956e-02      0.031     7.1191      98.63     -1.101          0          1    119.278    119.992         25    34.2430    26.5991     8.5293    34.2446    26.6004     8.5295 0.0000e+00
     138715    562.000    566.406     8.6019   3.630877     8.6033   3.631176     1.3211     1.3053    99.8439     0.0062     4.7228 4.4451e-02      0.031     7.1349      98.63     -0.982          0          1    119.567    120.164         25    34.2437    26.5978     8.5413    34.2455    26.5990     8.5427 0.0000e+00
     138738    561.000    565.397     8.6220   3.632759     8.6281   3.633545     1.3234     1.3079    99.8442     0.0062     4.7228 4.5123e-02      0.031     7.1117      98.63     -0.995          0          1    120.070    120.682         21    34.2446    26.5954     8.5615    34.2469    26.5963     8.5675 0.0000e+00
     138758    560.000    564.387     8.6833   3.638997     8.6761   3.638544     1.3267     1.3108    99.8442     0.0062     4.7228 4.5177e-02      0.031     7.1099      98.63     -1.116          0          1    120.728    121.133         20    34.2514    26.5913     8.6226    34.2536    26.5941     8.6154 0.0000e+00
     138778    559.000    563.378     8.8329   3.653437     8.8432   3.654953     1.3305     1.3139    99.8442     0.0062     4.7228 4.5177e-02      0.031     7.1118      98.63     -1.213          0          1    121.000    121.227         19    34.2591    26.5741     8.7717    34.2651    26.5771     8.7820 0.0000e+00
     138797    558.000    562.369     8.8773   3.657332     8.8926   3.658961     1.3343     1.3176    99.8644     0.0054     4.7238 4.4819e-02      0.031     7.0674      98.63     -1.259          0          1    121.396    121.858         20    34.2576    26.5659     8.8160    34.2599    26.5653     8.8313 0.0000e+00
     138818    557.000    561.360     8.8983   3.659163     8.9019   3.659614     1.3386     1.3218    99.8700     0.0052     4.7241 4.3964e-02      0.031     7.0234      98.63     -1.212          0          1    121.775    122.353         22    34.2570    26.5621     8.8371    34.2583    26.5625     8.8406 0.0000e+00
     138842    556.000    560.351     8.9035   3.659517     8.9018   3.659478     1.3420     1.3262    99.8516     0.0059     4.7232 4.3956e-02      0.031     7.0183      98.63     -1.087          0          1    121.895    122.690         24    34.2562    26.5606     8.8424    34.2574    26.5619     8.8407 0.0000e+00
     138866    555.000    559.341     8.9053   3.659608     8.9068   3.659922     1.3449     1.3293    99.8441     0.0062     4.7228 4.3956e-02      0.031     7.0060      98.63     -1.004          0          1    122.034    122.751         25    34.2558    26.5601     8.8443    34.2577    26.5613     8.8458 0.0000e+00
     138891    554.000    558.332     8.9140   3.660328     8.9115   3.660210     1.3469     1.3320    99.8626     0.0055     4.7237 4.3956e-02      0.031     6.9980      98.63     -0.979          0          1    122.237    123.022         23    34.2555    26.5584     8.8530    34.2566    26.5597     8.8505 0.0000e+00
     138912    553.000    557.323     8.9369   3.662394     8.9475   3.663685     1.3493     1.3343    99.8701     0.0052     4.7241 4.3956e-02      0.031     6.9721      98.63     -1.051          0          1    122.624    123.361         21    34.2555    26.5548     8.8760    34.2588    26.5557     8.8865 0.0000e+00
     138933    552.000    556.314     8.9784   3.666206     8.9892   3.667288     1.3515     1.3367    99.8700     0.0052     4.7241 4.3956e-02      0.031     7.0036      98.63     -1.146          0          1    122.966    123.607         20    34.2558    26.5485     8.9174    34.2568    26.5475     8.9282 0.0000e+00
     138953    551.000    555.305     9.0075   3.668719     9.0090   3.669066     1.3544     1.3395    99.8700     0.0052     4.7241 4.3956e-02      0.029     7.0160      98.63     -1.194          0          1    123.381    124.064         21    34.2546    26.5429     8.9465    34.2567    26.5444     8.9480 0.0000e+00
     138974    550.000    554.296     9.0311   3.670944     9.0340   3.671302     1.3574     1.3425    99.8700     0.0052     4.7241 4.3956e-02      0.031     7.0065      98.63     -1.168          0          1    123.607    124.231         22    34.2556    26.5399     8.9701    34.2565    26.5402     8.9730 0.0000e+00
     138998    549.000    553.287     9.0416   3.671706     9.0441   3.672041     1.3598     1.3448    99.8700     0.0052     4.7241 4.3956e-02      0.028     7.0018      98.63     -1.086          0          1    123.727    124.383         24    34.2539    26.5369     8.9807    34.2550    26.5374     8.9832 0.0000e+00
     139021    548.000    552.277     9.0481   3.672057     9.0502   3.672355     1.3623     1.3473    99.8700     0.0052     4.7241 4.3956e-02      0.024     7.0348      98.63     -1.032          0          1    124.090    124.774         23    34.2518    26.5342     8.9873    34.2528    26.5347     8.9894 0.0000e+00
     139044    547.000    551.268     9.0514   3.672235     9.0507   3.672278     1.3647     1.3498    99.8700     0.0052     4.7241 4.3956e-02      0.024     7.0593      98.63     -1.050          0          1    124.329    125.017         22    34.2509    26.5330     8.9907    34.2520    26.5340     8.9900 0.0000e+00
     139064    546.000    550.259     9.0523   3.672189     9.0525   3.672294     1.3666     1.3516    99.8700     0.0052     4.7241 4.3956e-02      0.028     7.0437      98.63     -1.110          0          1    124.451    125.051         20    34.2500    26.5321     8.9917    34.2509    26.5328     8.9919 0.0000e+00
     139084    545.000    549.250     9.0523   3.672110     9.0521   3.672174     1.3676     1.3527    99.8700     0.0052     4.7241 4.3956e-02      0.031     7.0327      98.63     -1.177          0          1    124.417    125.093         20    34.2496    26.5318     8.9918    34.2505    26.5325     8.9916 0.0000e+00
     139105    544.000    548.241     9.0524   3.672050     9.0521   3.672115     1.3690     1.3540    99.8700     0.0052     4.7241 4.3956e-02      0.031     7.0344      98.63     -1.208          0          1    124.601    125.383         21    34.2494    26.5316     8.9920    34.2503    26.5324     8.9917 0.0000e+00
     139127    543.000    547.232     9.0618   3.672871     9.0653   3.673380     1.3701     1.3555    99.8700     0.0052     4.7241 4.3956e-02      0.029     7.0177      98.63     -1.154          0          1    124.871    125.542         23    34.2494    26.5301     9.0015    34.2513    26.5310     9.0050 0.0000e+00
     139152    542.000    546.223     9.0969   3.676070     9.0956   3.676016     1.3726     1.3577    99.8700     0.0052     4.7241 4.3956e-02      0.025     7.0053      98.63     -1.032          0          1    125.354    125.751         25    34.2495    26.5246     9.0366    34.2501    26.5253     9.0353 0.0000e+00
     139178    541.000    545.213     9.1312   3.679266     9.1359   3.680014     1.3756     1.3595    99.8700     0.0052     4.7241 4.3956e-02      0.031     7.0272      98.63     -0.949          0          1    125.789    126.134         26    34.2503    26.5197     9.0709    34.2535    26.5215     9.0755 0.0000e+00
     139202    540.000    544.204     9.1641   3.682586     9.1938   3.685473     1.3789     1.3625    99.8700     0.0052     4.7241 4.3956e-02      0.031     7.0148      98.63     -0.951          0          1    126.274    126.663         22    34.2537    26.5171     9.1037    34.2552    26.5136     9.1333 0.0000e+00
     139223    539.000    543.195     9.2250   3.687994     9.2184   3.687511     1.3818     1.3659    99.8829     0.0047     4.7247 4.3956e-02      0.027     7.0217      98.63     -1.073          0          1    126.515    127.172         20    34.2520    26.5060     9.1645    34.2533    26.5081     9.1579 0.0000e+00
     139242    538.000    542.186     9.2468   3.690011     9.2498   3.690494     1.3847     1.3689    99.8945     0.0042     4.7252 4.3956e-02      0.024     7.0296      98.63     -1.180          0          1    126.819    127.480         19    34.2525    26.5029     9.1863    34.2546    26.5041     9.1893 0.0000e+00
     139261    537.000    541.177     9.2707   3.692165     9.2781   3.693046     1.3872     1.3718    99.8702     0.0052     4.7241 4.3956e-02      0.024     7.0557      98.63     -1.254          0          1    127.062    127.712         19    34.2524    26.4990     9.2103    34.2545    26.4994     9.2176 0.0000e+00
     139281    536.000    540.168     9.2820   3.693260     9.2878   3.693917     1.3898     1.3745    99.8700     0.0052     4.7241 4.3956e-02      0.024     7.0732      98.63     -1.274          0          1    127.294    127.965         21    34.2534    26.4979     9.2216    34.2547    26.4980     9.2274 0.0000e+00
     139302    535.000    539.159     9.2947   3.694324     9.3008   3.695044     1.3922     1.3772    99.8723     0.0051     4.7242 4.3956e-02      0.024     7.0807      98.63     -1.185          0          1    127.358    128.182         22    34.2527    26.4953     9.2344    34.2544    26.4956     9.2405 0.0000e+00
     139326    534.000    538.150     9.3037   3.695137     9.3078   3.695594     1.3942     1.3799    99.8956     0.0042     4.7253 4.3956e-02      0.024     7.0733      98.63     -1.067          0          1    127.539    128.348         26    34.2530    26.4941     9.2435    34.2538    26.4940     9.2476 0.0000e+00
     139353    533.000    537.141     9.3185   3.696484     9.3195   3.696714     1.3966     1.3821    99.8958     0.0042     4.7253 4.3595e-02      0.024     7.0398      98.63     -0.946          0          1    127.812    128.454         27    34.2533    26.4919     9.2583    34.2547    26.4928     9.2593 0.0000e+00
     139379    532.000    536.132     9.3418   3.698684     9.3285   3.697546     1.3984     1.3842    99.8958     0.0042     4.7253 4.3964e-02      0.024     7.0179      98.63     -0.906          0          1    127.992    128.692         23    34.2542    26.4888     9.2817    34.2551    26.4917     9.2684 0.0000e+00
     139400    531.000    535.123     9.3560   3.699938     9.3588   3.700339     1.4006     1.3855    99.8833     0.0047     4.7247 4.3956e-02      0.024     7.0146      98.63     -1.022          0          1    128.376    128.730         21    34.2541    26.4864     9.2959    34.2555    26.4871     9.2987 0.0000e+00
     139420    530.000    534.114     9.3669   3.701055     9.3696   3.701400     1.4027     1.3871    99.8701     0.0052     4.7241 4.3956e-02      0.024     7.0060      98.63     -1.150          0          1    128.485    129.051         19    34.2556    26.4859     9.3069    34.2566    26.4862     9.3096 0.0000e+00
     139438    529.000    533.104     9.3918   3.703663     9.3974   3.704417     1.4038     1.3887    99.8700     0.0052     4.7241 4.2893e-02      0.028     6.9857      98.63     -1.259          0          1    128.339    129.092         18    34.2593    26.4846     9.3318    34.2617    26.4856     9.3374 0.0000e+00
     139457    528.000    532.095     9.4432   3.709005     9.4461   3.709613     1.4047     1.3900    99.8700     0.0052     4.7241 4.2739e-02      0.031     6.9632      98.63     -1.314          0          1    128.154    128.921         20    34.2658    26.4814     9.3831    34.2693    26.4836     9.3860 0.0000e+00
     139478    527.000    531.087     9.4689   3.711576     9.4792   3.712783     1.4052     1.3908    99.8700     0.0052     4.7241 4.2735e-02      0.031     6.9561      98.63     -1.236          0          1    127.962    128.817         22    34.2683    26.4791     9.4088    34.2709    26.4795     9.4191 0.0000e+00
