CTDdata/C10M002.cnv
* Sea-Bird SBE 9 Data File:
* FileName = C:\MR1703C\CTDdata\C10M002.hdr
* Software Version Seasave V 7.23.2
* Temperature SN = 031464
* Conductivity SN = 041203
* Number of Bytes Per Scan = 41
* Number of Voltage Words = 4
* Number of Scans Averaged by the Deck Unit = 1
* NMEA Latitude = 24 51.40 N
* NMEA Longitude = 123 50.19 E
* NMEA UTC (Time) = Jun 02 2017 22:55:54
* NMEA baud rate = 4800
** Cruise: MR17-03C
** Station: C10
** Bottom Depth [m]: 1462.0
** Operator: R.Kobayashi
# nquan = 29                                
# nvalues = 3026                        
# units = specified
# name 0 = scan: Scan Count
# name 1 = depSM: Depth [salt water, m]
# name 2 = prDM: Pressure, Digiquartz [db]
# name 3 = t090C: Temperature [ITS-90, deg C]
# name 4 = c0S/m: Conductivity [S/m]
# name 5 = t190C: Temperature, 2 [ITS-90, deg C]
# name 6 = c1S/m: Conductivity, 2 [S/m]
# name 7 = sbeox0V: Oxygen raw, SBE 43 [V]
# name 8 = sbeox1V: Oxygen raw, SBE 43, 2 [V]
# name 9 = CStarTr0: Beam Transmission, WET Labs C-Star [%]
# name 10 = CStarAt0: Beam Attenuation, WET Labs C-Star [1/m]
# name 11 = v4: Voltage 4
# name 12 = flSP: Fluorescence, Seapoint
# name 13 = seaTurbMtr: Turbidity, Seapoint [FTU]
# name 14 = wetCDOM: Fluorescence, WET Labs CDOM [mg/m^3]
# name 15 = altM: Altimeter [m]
# name 16 = dz/dtM: Descent Rate [m/s]
# name 17 = modError: Modulo Error Count
# name 18 = pumps: Pump Status
# name 19 = sbeox0Mm/Kg: Oxygen, SBE 43 [umol/kg], WS = 2
# name 20 = sbeox1Mm/Kg: Oxygen, SBE 43, 2 [umol/kg], WS = 2
# name 21 = nbin: number of scans per bin
# name 22 = sal00: Salinity, Practical [PSU]
# name 23 = sigma-é00: Density [sigma-theta, kg/m^3]
# name 24 = potemp090C: Potential Temperature [ITS-90, deg C]
# name 25 = sal11: Salinity, Practical, 2 [PSU]
# name 26 = sigma-é11: Density, 2 [sigma-theta, kg/m^3]
# name 27 = potemp190C: Potential Temperature, 2 [ITS-90, deg C]
# name 28 = flag: flag
# span 0 =      16337,     160970       
# span 1 =      1.000,   1515.000       
# span 2 =      1.006,   1530.389       
# span 3 =     3.7847,    27.5620       
# span 4 =   3.254012,   5.492497       
# span 5 =     3.7856,    27.5637       
# span 6 =   3.254294,   5.493083       
# span 7 =     0.8616,     2.5778       
# span 8 =     0.8414,     2.5131       
# span 9 =    97.5228,    99.8960       
# span 10 =     0.0042,     0.1004      
# span 11 =     4.6130,     4.7253      
# span 12 = 3.9063e-02, 4.1117e-01      
# span 13 =      0.024,      0.625      
# span 14 =     0.0149,    67.7297      
# span 15 =       9.33,     100.31      
# span 16 =     -1.608,      1.436      
# span 17 =          0,          0      
# span 18 =          1,          1      
# span 19 =     65.759,    200.503      
# span 20 =     66.002,    198.735      
# span 21 =         14,        185      
# span 22 =    34.2323,    35.0446      
# span 23 =    22.0490,    27.3816      
# span 24 =     3.6677,    27.5564      
# span 25 =    34.2322,    35.0522      
# span 26 =    22.0499,    27.3829      
# span 27 =     3.6685,    27.5581      
# span 28 = 0.0000e+00, 0.0000e+00      
# interval = meters: 1                  
# start_time = Jun 02 2017 22:55:54 [NMEA time, header]
# bad_flag = -9.990e-29
*END*
[from data line 2251]
     129984    775.000    781.479     5.9908   3.412621     5.9881   3.412551     1.0348     1.0177    99.4826     0.0207     4.7057 4.7619e-02      0.067     8.1504      98.63     -1.145          0          1     84.638     85.453         19    34.3477    27.0471     5.9212    34.3496    27.0490     5.9185 0.0000e+00
     130004    774.000    780.469     5.9960   3.413004     5.9968   3.413226     1.0356     1.0189    99.4566     0.0218     4.7045 4.7619e-02      0.067     8.1571      98.63     -1.217          0          1     84.754     85.598         20    34.3472    27.0461     5.9265    34.3489    27.0473     5.9273 0.0000e+00
     130024    773.000    779.458     5.9989   3.413211     6.0000   3.413450     1.0365     1.0199    99.4812     0.0208     4.7056 4.7619e-02      0.067     8.1882      98.63     -1.226          0          1     84.766     85.514         22    34.3471    27.0456     5.9295    34.3487    27.0467     5.9306 0.0000e+00
     130048    772.000    778.448     6.0028   3.413491     6.0039   3.413735     1.0370     1.0205    99.4826     0.0207     4.7057 4.7619e-02      0.067     8.1911      98.63     -1.091          0          1     84.695     85.528         26    34.3468    27.0449     5.9334    34.3484    27.0460     5.9345 0.0000e+00
     130074    771.000    777.438     6.0066   3.413786     6.0095   3.414186     1.0378     1.0215    99.4717     0.0212     4.7052 4.7619e-02      0.067     8.1673      98.63     -0.956          0          1     84.954     85.697         26    34.3468    27.0444     5.9373    34.3483    27.0452     5.9402 0.0000e+00
     130099    770.000    776.427     6.0134   3.414313     6.0137   3.414485     1.0387     1.0221    99.4565     0.0218     4.7045 4.7619e-02      0.067     8.2180      98.63     -0.953          0          1     84.989     85.702         21    34.3463    27.0431     5.9442    34.3479    27.0444     5.9445 0.0000e+00
     130119    769.000    775.417     6.0158   3.414492     6.0165   3.414695     1.0390     1.0225    99.4568     0.0218     4.7045 4.7619e-02      0.067     8.2260      98.63     -1.078          0          1     84.949     85.735         20    34.3464    27.0429     5.9467    34.3479    27.0440     5.9474 0.0000e+00
     130137    768.000    774.407     6.0192   3.414755     6.0209   3.415049     1.0396     1.0230    99.4568     0.0218     4.7045 4.7619e-02      0.066     8.2406      98.63     -1.217          0          1     85.130     85.809         18    34.3464    27.0425     5.9501    34.3480    27.0435     5.9518 0.0000e+00
     130155    767.000    773.397     6.0235   3.415064     6.0242   3.415246     1.0400     1.0235    99.4568     0.0218     4.7045 4.7619e-02      0.061     8.2601      98.63     -1.324          0          1     85.130     85.806         17    34.3460    27.0416     5.9545    34.3473    27.0426     5.9552 0.0000e+00
     130173    766.000    772.387     6.0272   3.415317     6.0269   3.415438     1.0405     1.0237    99.4568     0.0218     4.7045 4.7619e-02      0.064     8.2629      98.63     -1.371          0          1     85.237     85.769         20    34.3456    27.0408     5.9583    34.3473    27.0422     5.9580 0.0000e+00
     130194    765.000    771.376     6.0282   3.415366     6.0293   3.415580     1.0412     1.0240    99.4568     0.0218     4.7045 4.7619e-02      0.062     8.2469      98.63     -1.256          0          1     85.185     85.883         23    34.3456    27.0407     5.9594    34.3469    27.0416     5.9605 0.0000e+00
     130220    764.000    770.367     6.0307   3.415528     6.0309   3.415667     1.0414     1.0247    99.4568     0.0218     4.7045 4.7619e-02      0.063     8.1992      98.63     -1.054          0          1     85.227     85.890         27    34.3454    27.0402     5.9620    34.3468    27.0413     5.9621 0.0000e+00
     130246    763.000    769.356     6.0323   3.415618     6.0320   3.415714     1.0420     1.0248    99.4568     0.0218     4.7045 4.7619e-02      0.062     8.1611      98.63     -0.904          0          1     85.253     85.794         24    34.3453    27.0399     5.9636    34.3467    27.0410     5.9633 0.0000e+00
     130267    762.000    768.346     6.0340   3.415704     6.0336   3.415803     1.0422     1.0251    99.4568     0.0218     4.7045 4.7619e-02      0.061     8.1899      98.63     -1.000          0          1     85.253     86.033         20    34.3450    27.0395     5.9654    34.3466    27.0407     5.9650 0.0000e+00
     130286    761.000    767.336     6.0359   3.415821     6.0366   3.416010     1.0423     1.0257    99.4568     0.0218     4.7045 4.7619e-02      0.061     8.2227      98.63     -1.177          0          1     85.282     86.149         18    34.3449    27.0391     5.9674    34.3463    27.0402     5.9681 0.0000e+00
     130304    760.000    766.326     6.0399   3.416127     6.0414   3.416397     1.0427     1.0260    99.4568     0.0218     4.7045 4.7619e-02      0.061     8.2342      98.63     -1.304          0          1     85.409     85.976         17    34.3448    27.0385     5.9715    34.3463    27.0395     5.9730 0.0000e+00
     130322    759.000    765.315     6.0450   3.416526     6.0457   3.416723     1.0431     1.0262    99.4568     0.0218     4.7045 4.7619e-02      0.062     8.2317      98.63     -1.361          0          1     85.421     86.050         20    34.3446    27.0377     5.9766    34.3461    27.0388     5.9773 0.0000e+00
     130343    758.000    764.305     6.0503   3.416969     6.0537   3.417399     1.0436     1.0265    99.4495     0.0221     4.7042 4.7619e-02      0.067     8.2444      98.63     -1.278          0          1     85.482     86.083         21    34.3448    27.0371     5.9820    34.3461    27.0378     5.9854 0.0000e+00
     130366    757.000    763.295     6.0639   3.418169     6.0666   3.418552     1.0440     1.0270    99.4309     0.0228     4.7033 4.7619e-02      0.067     8.2294      98.63     -1.126          0          1     85.543     86.153         24    34.3450    27.0356     5.9956    34.3466    27.0365     5.9983 0.0000e+00
     130390    756.000    762.285     6.0742   3.418999     6.0766   3.419339     1.0447     1.0273    99.4310     0.0228     4.7033 4.7619e-02      0.067     8.2268      98.63     -1.025          0          1     85.663     86.256         24    34.3444    27.0338     6.0060    34.3458    27.0346     6.0083 0.0000e+00
     130412    755.000    761.275     6.0802   3.419514     6.0834   3.419926     1.0452     1.0282    99.4310     0.0228     4.7033 4.7619e-02      0.067     8.2411      98.63     -1.032          0          1     85.708     86.437         20    34.3446    27.0332     6.0120    34.3460    27.0339     6.0152 0.0000e+00
     130431    754.000    760.265     6.0922   3.420488     6.0955   3.420925     1.0459     1.0287    99.4310     0.0228     4.7033 4.7619e-02      0.067     8.2473      98.63     -1.159          0          1     85.791     86.529         19    34.3439    27.0312     6.0241    34.3455    27.0320     6.0273 0.0000e+00
     130450    753.000    759.255     6.1008   3.421207     6.1013   3.421390     1.0462     1.0296    99.4310     0.0228     4.7033 4.7619e-02      0.067     8.1937      98.63     -1.262          0          1     85.863     86.662         18    34.3438    27.0300     6.0327    34.3453    27.0311     6.0332 0.0000e+00
     130468    752.000    758.244     6.1067   3.421706     6.1059   3.421774     1.0470     1.0301    99.4310     0.0228     4.7033 4.7619e-02      0.067     8.1912      98.63     -1.310          0          1     86.011     86.589         19    34.3439    27.0293     6.0387    34.3455    27.0307     6.0379 0.0000e+00
     130489    751.000    757.234     6.1147   3.422316     6.1161   3.422591     1.0477     1.0307    99.4451     0.0223     4.7040 4.7619e-02      0.067     8.1787      98.63     -1.271          0          1     86.111     86.634         22    34.3432    27.0277     6.0467    34.3449    27.0288     6.0481 0.0000e+00
     130511    750.000    756.224     6.1270   3.423174     6.1247   3.423140     1.0486     1.0312    99.4568     0.0218     4.7045 4.7619e-02      0.066     8.1496      98.63     -1.140          0          1     86.193     86.662         23    34.3409    27.0243     6.0590    34.3428    27.0262     6.0568 0.0000e+00
     130535    749.000    755.214     6.1356   3.423758     6.1349   3.423850     1.0493     1.0321    99.4568     0.0218     4.7045 4.7619e-02      0.064     8.1394      98.63     -1.044          0          1     86.229     86.967         25    34.3393    27.0219     6.0677    34.3410    27.0234     6.0670 0.0000e+00
     130558    748.000    754.204     6.1348   3.423671     6.1379   3.424028     1.0502     1.0329    99.4568     0.0218     4.7045 4.7619e-02      0.067     8.1536      98.63     -1.013          0          1     86.449     86.994         21    34.3396    27.0223     6.0670    34.3405    27.0226     6.0701 0.0000e+00
     130578    747.000    753.194     6.1406   3.424039     6.1410   3.424213     1.0509     1.0338    99.4568     0.0218     4.7045 4.7619e-02      0.066     8.1798      98.63     -1.116          0          1     86.493     87.123         19    34.3384    27.0206     6.0729    34.3399    27.0217     6.0733 0.0000e+00
     130597    746.000    752.183     6.1465   3.424513     6.1483   3.424801     1.0517     1.0342    99.4677     0.0213     4.7050 4.7813e-02      0.061     8.1804      98.63     -1.223          0          1     86.560     87.080         19    34.3382    27.0197     6.0788    34.3396    27.0206     6.0806 0.0000e+00
     130616    745.000    751.173     6.1548   3.425130     6.1579   3.425533     1.0522     1.0348    99.4826     0.0207     4.7057 4.7551e-02      0.061     8.1619      98.63     -1.279          0          1     86.669     87.239         18    34.3373    27.0179     6.0872    34.3386    27.0186     6.0902 0.0000e+00
     130634    744.000    750.163     6.1643   3.425907     6.1682   3.426386     1.0530     1.0356    99.4826     0.0207     4.7057 4.6402e-02      0.061     8.1272      98.63     -1.316          0          1     86.757     87.374         19    34.3369    27.0163     6.0967    34.3383    27.0170     6.1006 0.0000e+00
     130653    743.000    749.153     6.1782   3.427029     6.1795   3.427237     1.0536     1.0362    99.4826     0.0207     4.7057 4.6398e-02      0.061     8.1249      98.63     -1.308          0          1     86.807     87.544         19    34.3359    27.0138     6.1106    34.3369    27.0145     6.1119 0.0000e+00
     130673    742.000    748.143     6.1816   3.427237     6.1855   3.427701     1.0545     1.0377    99.4826     0.0207     4.7057 4.6692e-02      0.061     8.1257      98.63     -1.251          0          1     86.998     87.794         21    34.3353    27.0129     6.1141    34.3366    27.0134     6.1180 0.0000e+00
     130695    741.000    747.133     6.1925   3.428123     6.1965   3.428588     1.0556     1.0385    99.4826     0.0207     4.7057 4.7615e-02      0.066     8.1359      98.63     -1.167          0          1     87.181     87.749         23    34.3347    27.0110     6.1250    34.3359    27.0115     6.1290 0.0000e+00
     130718    740.000    746.123     6.1986   3.428548     6.1999   3.428803     1.0564     1.0397    99.4826     0.0207     4.7057 4.7619e-02      0.065     8.1626      98.63     -1.088          0          1     87.068     87.886         24    34.3338    27.0095     6.1312    34.3354    27.0106     6.1325 0.0000e+00
     130743    739.000    745.113     6.2006   3.428698     6.2016   3.428901     1.0571     1.0403    99.4826     0.0207     4.7057 4.7619e-02      0.061     8.1606      98.63     -1.013          0          1     87.205     87.824         25    34.3340    27.0094     6.1333    34.3353    27.0103     6.1343 0.0000e+00
     130769    738.000    744.103     6.2029   3.428853     6.2026   3.428945     1.0578     1.0411    99.4826     0.0207     4.7057 4.7619e-02      0.061     8.1614      98.63     -0.943          0          1     87.330     88.054         26    34.3339    27.0090     6.1357    34.3352    27.0101     6.1354 0.0000e+00
     130792    737.000    743.093     6.2091   3.429339     6.2073   3.429292     1.0588     1.0419    99.4826     0.0207     4.7057 4.7619e-02      0.061     8.1807      98.63     -0.959          0          1     87.378     87.984         21    34.3336    27.0080     6.1419    34.3349    27.0092     6.1401 0.0000e+00
     130812    736.000    742.083     6.2172   3.429983     6.2173   3.430143     1.0591     1.0422    99.4826     0.0207     4.7057 4.7619e-02      0.061     8.1810      98.63     -1.102          0          1     87.355     88.110         20    34.3331    27.0065     6.1501    34.3348    27.0079     6.1502 0.0000e+00
     130831    735.000    741.073     6.2211   3.430298     6.2241   3.430689     1.0595     1.0431    99.4826     0.0207     4.7057 4.7619e-02      0.061     8.1602      98.63     -1.230          0          1     87.450     88.219         18    34.3332    27.0061     6.1541    34.3345    27.0068     6.1570 0.0000e+00
     130849    734.000    740.063     6.2329   3.431250     6.2334   3.431411     1.0601     1.0433    99.4826     0.0207     4.7057 4.7619e-02      0.061     8.1647      98.63     -1.301          0          1     87.556     88.111         18    34.3325    27.0040     6.1659    34.3338    27.0050     6.1664 0.0000e+00
     130868    733.000    739.052     6.2435   3.432060     6.2439   3.432261     1.0607     1.0438    99.4826     0.0207     4.7057 4.7619e-02      0.061     8.1546      98.63     -1.332          0          1     87.666     88.270         19    34.3313    27.0017     6.1765    34.3332    27.0031     6.1769 0.0000e+00
     130889    732.000    738.042     6.2484   3.432461     6.2487   3.432601     1.0615     1.0446    99.4826     0.0207     4.7057 4.7619e-02      0.061     8.1593      98.63     -1.262          0          1     87.661     88.499         22    34.3314    27.0011     6.1815    34.3326    27.0021     6.1818 0.0000e+00
     130912    731.000    737.032     6.2525   3.432747     6.2505   3.432691     1.0619     1.0456    99.4826     0.0207     4.7057 4.7619e-02      0.061     8.1692      98.63     -1.104          0          1     87.643     88.479         27    34.3309    27.0002     6.1857    34.3323    27.0016     6.1837 0.0000e+00
     130942    730.000    736.022     6.2467   3.432194     6.2486   3.432499     1.0625     1.0463    99.4826     0.0207     4.7057 4.7619e-02      0.061     8.1663      98.63     -0.887          0          1     87.819     88.575         30    34.3311    27.0011     6.1800    34.3326    27.0020     6.1819 0.0000e+00
     130969    729.000    735.013     6.2637   3.433576     6.2640   3.433758     1.0634     1.0468    99.4826     0.0207     4.7057 4.7619e-02      0.061     8.1810      98.63     -0.834          0          1     87.932     88.555         25    34.3299    26.9980     6.1970    34.3316    26.9993     6.1973 0.0000e+00
     130992    728.000    734.002     6.2735   3.434332     6.2752   3.434642     1.0641     1.0476    99.4826     0.0207     4.7057 4.7619e-02      0.061     8.2063      98.63     -0.968          0          1     88.086     88.819         21    34.3290    26.9960     6.2069    34.3307    26.9971     6.2085 0.0000e+00
     131013    727.000    732.992     6.2842   3.435161     6.2856   3.435414     1.0648     1.0484    99.4826     0.0207     4.7057 4.7619e-02      0.061     8.1863      98.63     -1.095          0          1     88.176     88.959         20    34.3280    26.9938     6.2176    34.3294    26.9947     6.2190 0.0000e+00
