CTDdata/C11M001.cnv
* Sea-Bird SBE 9 Data File:
* FileName = C:\MR1703C\CTDdata\C11M001.hdr
* Software Version Seasave V 7.23.2
* Temperature SN = 031464
* Conductivity SN = 041203
* Number of Bytes Per Scan = 41
* Number of Voltage Words = 4
* Number of Scans Averaged by the Deck Unit = 1
* NMEA Latitude = 24 45.60 N
* NMEA Longitude = 122 50.41 E
* NMEA UTC (Time) = Jun 02 2017 11:43:22
* NMEA baud rate = 4800
** Cruise: MR17-03C
** Station: C11
** Bottom Depth [m]: 1223.0
** Operator: S.Tanihara
# nquan = 29                                
# nvalues = 2430                        
# units = specified
# name 0 = scan: Scan Count
# name 1 = depSM: Depth [salt water, m]
# name 2 = prDM: Pressure, Digiquartz [db]
# name 3 = t090C: Temperature [ITS-90, deg C]
# name 4 = c0S/m: Conductivity [S/m]
# name 5 = t190C: Temperature, 2 [ITS-90, deg C]
# name 6 = c1S/m: Conductivity, 2 [S/m]
# name 7 = sbeox0V: Oxygen raw, SBE 43 [V]
# name 8 = sbeox1V: Oxygen raw, SBE 43, 2 [V]
# name 9 = CStarTr0: Beam Transmission, WET Labs C-Star [%]
# name 10 = CStarAt0: Beam Attenuation, WET Labs C-Star [1/m]
# name 11 = v4: Voltage 4
# name 12 = flSP: Fluorescence, Seapoint
# name 13 = seaTurbMtr: Turbidity, Seapoint [FTU]
# name 14 = wetCDOM: Fluorescence, WET Labs CDOM [mg/m^3]
# name 15 = altM: Altimeter [m]
# name 16 = dz/dtM: Descent Rate [m/s]
# name 17 = modError: Modulo Error Count
# name 18 = pumps: Pump Status
# name 19 = sbeox0Mm/Kg: Oxygen, SBE 43 [umol/kg], WS = 2
# name 20 = sbeox1Mm/Kg: Oxygen, SBE 43, 2 [umol/kg], WS = 2
# name 21 = nbin: number of scans per bin
# name 22 = sal00: Salinity, Practical [PSU]
# name 23 = sigma-é00: Density [sigma-theta, kg/m^3]
# name 24 = potemp090C: Potential Temperature [ITS-90, deg C]
# name 25 = sal11: Salinity, Practical, 2 [PSU]
# name 26 = sigma-é11: Density, 2 [sigma-theta, kg/m^3]
# name 27 = potemp190C: Potential Temperature, 2 [ITS-90, deg C]
# name 28 = flag: flag
# span 0 =      15773,     110875       
# span 1 =      1.000,   1217.000       
# span 2 =      1.006,   1228.474       
# span 3 =     3.9301,    27.9422       
# span 4 =   3.256013,   5.519146       
# span 5 =     3.9322,    27.9442       
# span 6 =   3.256348,   5.519847       
# span 7 =     0.8795,     2.5999       
# span 8 =     0.8585,     2.5272       
# span 9 =    98.0881,    99.9475       
# span 10 =     0.0021,     0.0772      
# span 11 =     4.6398,     4.7277      
# span 12 = 3.6629e-02, 6.1241e-01      
# span 13 =      0.018,      0.198      
# span 14 =     0.0229,    30.8164      
# span 15 =       7.76,     106.64      
# span 16 =     -1.694,      1.285      
# span 17 =          0,          0      
# span 18 =          1,          1      
# span 19 =     66.194,    199.768      
# span 20 =     66.275,    197.628      
# span 21 =         14,        184      
# span 22 =    34.3098,    34.9884      
# span 23 =    21.8985,    27.3568      
# span 24 =     3.8359,    27.9420      
# span 25 =    34.3125,    34.9935      
# span 26 =    21.8993,    27.3580      
# span 27 =     3.8380,    27.9440      
# span 28 = 0.0000e+00, 0.0000e+00      
# interval = meters: 1
# start_time = Jun 02 2017 11:43:22 [NMEA time, header]
# bad_flag = -9.990e-29
*END*
[from data line 2101]
      91449    329.000    331.390    14.3991   4.196672    14.3961   4.196417     1.8370     1.8170    99.8958     0.0042     4.7253 3.9182e-02      0.020     5.8604      98.63     -0.919          0          1    166.535    166.379         26    34.5322    25.7516    14.3503    34.5325    25.7524    14.3473 0.0000e+00
      91473    328.000    330.381    14.4062   4.197282    14.4015   4.196861     1.8403     1.8197    99.8958     0.0042     4.7253 3.9068e-02      0.018     5.8617      98.63     -0.942          0          1    166.983    166.785         22    34.5319    25.7498    14.3575    34.5322    25.7510    14.3528 0.0000e+00
      91494    327.000    329.373    14.4165   4.198208    14.4133   4.197935     1.8431     1.8218    99.8958     0.0042     4.7253 3.9072e-02      0.018     5.8481      98.63     -1.071          0          1    167.280    166.899         21    34.5316    25.7474    14.3679    34.5320    25.7483    14.3647 0.0000e+00
      91514    326.000    328.365    14.4311   4.199681    14.4288   4.199506     1.8458     1.8239    99.9138     0.0034     4.7261 3.9072e-02      0.018     5.8357      98.63     -1.162          0          1    167.571    167.298         19    34.5326    25.7450    14.3826    34.5330    25.7458    14.3804 0.0000e+00
      91534    325.000    327.357    14.4545   4.202026    14.4503   4.201609     1.8486     1.8273    99.9218     0.0031     4.7265 3.9072e-02      0.020     5.8380      98.63     -1.219          0          1    167.885    167.697         21    34.5337    25.7408    14.4061    34.5336    25.7417    14.4020 0.0000e+00
      91556    324.000    326.349    14.4838   4.205047    14.4773   4.204447     1.8523     1.8303    99.9217     0.0031     4.7265 3.9072e-02      0.024     5.8429      98.63     -1.185          0          1    168.418    168.048         23    34.5358    25.7362    14.4355    34.5361    25.7378    14.4290 0.0000e+00
      91580    323.000    325.341    14.5212   4.208590    14.5159   4.208187     1.8576     1.8352    99.9217     0.0031     4.7265 3.9072e-02      0.024     5.8232      98.63     -1.063          0          1    169.011    168.741         25    34.5355    25.7279    14.4730    34.5365    25.7298    14.4677 0.0000e+00
      91606    322.000    324.333    14.5319   4.209590    14.5295   4.209334     1.8627     1.8407    99.9217     0.0031     4.7265 3.9072e-02      0.024     5.8004      98.63     -0.959          0          1    169.760    169.420         27    34.5356    25.7257    14.4838    34.5354    25.7260    14.4814 0.0000e+00
      91632    321.000    323.325    14.5754   4.213787    14.5563   4.212080     1.8708     1.8475    99.9217     0.0031     4.7265 3.9072e-02      0.021     5.7819      98.63     -0.924          0          1    171.321    170.761         24    34.5358    25.7165    14.5274    34.5372    25.7216    14.5083 0.0000e+00
      91654    320.000    322.317    14.6303   4.218805    14.6177   4.217812     1.8811     1.8570    99.9474     0.0021     4.7277 3.8463e-02      0.018     5.7553      98.63     -0.993          0          1    172.796    172.349         22    34.5335    25.7029    14.5823    34.5356    25.7072    14.5697 0.0000e+00
      91676    319.000    321.309    14.6641   4.222055    14.6595   4.221718     1.8915     1.8678    99.9475     0.0021     4.7277 3.7847e-02      0.018     5.7490      98.63     -1.095          0          1    173.972    173.641         20    34.5337    25.6957    14.6162    34.5346    25.6975    14.6116 0.0000e+00
      91696    318.000    320.301    14.6847   4.224041    14.6818   4.223813     1.9012     1.8775    99.9475     0.0021     4.7277 3.7909e-02      0.018     5.7479      98.63     -1.156          0          1    174.952    174.534         21    34.5340    25.6915    14.6369    34.5344    25.6925    14.6340 0.0000e+00
      91716    317.000    319.293    14.6994   4.225451    14.6946   4.225041     1.9100     1.8860    99.9475     0.0021     4.7277 3.8951e-02      0.018     5.7419      98.63     -1.190          0          1    175.716    175.353         19    34.5342    25.6885    14.6517    34.5347    25.6899    14.6469 0.0000e+00
      91736    316.000    318.285    14.7135   4.226821    14.7102   4.226534     1.9172     1.8945    99.9475     0.0021     4.7277 3.9074e-02      0.018     5.7348      98.63     -1.216          0          1    176.347    176.091         20    34.5346    25.6858    14.6659    34.5349    25.6867    14.6626 0.0000e+00
      91757    315.000    317.277    14.7430   4.229881    14.7335   4.228961     1.9248     1.9012    99.9475     0.0021     4.7277 3.9072e-02      0.018     5.7242      98.63     -1.212          0          1    176.932    176.583         22    34.5369    25.6811    14.6955    34.5369    25.6831    14.6860 0.0000e+00
      91780    314.000    316.269    14.7712   4.232841    14.7628   4.231964     1.9311     1.9089    99.9361     0.0025     4.7272 3.9072e-02      0.018     5.7207      98.63     -1.105          0          1    177.230    177.153         25    34.5393    25.6769    14.7238    34.5387    25.6782    14.7154 0.0000e+00
      91806    313.000    315.261    14.8035   4.236236    14.7965   4.235628     1.9362     1.9146    99.9215     0.0031     4.7265 3.9072e-02      0.018     5.7224      98.63     -0.975          0          1    177.184    177.138         26    34.5421    25.6720    14.7562    34.5427    25.6740    14.7492 0.0000e+00
      91831    312.000    314.253    14.8380   4.240118    14.8318   4.239503     1.9386     1.9180    99.9217     0.0031     4.7265 3.9072e-02      0.018     5.7201      98.63     -0.938          0          1    177.097    177.308         23    34.5473    25.6685    14.7908    34.5472    25.6698    14.7846 0.0000e+00
      91853    311.000    313.245    14.9040   4.247437    14.8938   4.246617     1.9402     1.9216    99.9217     0.0031     4.7265 3.9072e-02      0.018     5.7382      98.63     -1.026          0          1    177.036    177.464         21    34.5560    25.6609    14.8568    34.5576    25.6643    14.8466 0.0000e+00
      91873    310.000    312.237    14.9936   4.256868    14.9863   4.256361     1.9424     1.9241    99.9217     0.0031     4.7265 3.9072e-02      0.018     5.7278      98.63     -1.131          0          1    177.174    177.241         19    34.5630    25.6467    14.9463    34.5648    25.6498    14.9390 0.0000e+00
      91893    309.000    311.229    15.0443   4.262462    15.0307   4.261171     1.9455     1.9257    99.9217     0.0031     4.7265 3.9072e-02      0.018     5.7024      98.63     -1.210          0          1    177.408    177.027         20    34.5694    25.6406    14.9971    34.5697    25.6438    14.9835 0.0000e+00
      91913    308.000    310.221    15.1299   4.271636    15.1121   4.269888     1.9483     1.9265    99.9217     0.0031     4.7265 3.9072e-02      0.018     5.6874      98.63     -1.231          0          1    177.311    176.716         21    34.5775    25.6280    15.0826    34.5773    25.6318    15.0649 0.0000e+00
      91935    307.000    309.213    15.1737   4.276024    15.1642   4.275299     1.9504     1.9275    99.9217     0.0031     4.7265 3.9072e-02      0.018     5.6877      98.63     -1.153          0          1    177.104    176.724         22    34.5790    25.6195    15.1265    34.5808    25.6230    15.1170 0.0000e+00
      91957    306.000    308.205    15.1878   4.277541    15.1845   4.277244     1.9514     1.9291    99.9217     0.0031     4.7265 3.8062e-02      0.018     5.6725      98.63     -1.096          0          1    177.150    177.057         22    34.5807    25.6177    15.1407    34.5809    25.6186    15.1374 0.0000e+00
      91978    305.000    307.197    15.1999   4.278775    15.1977   4.278629     1.9530     1.9316    99.9217     0.0031     4.7265 3.8899e-02      0.021     5.6441      98.63     -1.115          0          1    177.144    177.245         22    34.5816    25.6157    15.1530    34.5822    25.6167    15.1508 0.0000e+00
      92001    304.000    306.189    15.2145   4.280305    15.2120   4.280058     1.9528     1.9329    99.9217     0.0031     4.7265 3.9069e-02      0.024     5.6605      98.63     -1.098          0          1    176.933    177.010         24    34.5829    25.6135    15.1677    34.5829    25.6140    15.1652 0.0000e+00
      92025    303.000    305.181    15.2292   4.281837    15.2251   4.281448     1.9536     1.9332    99.9217     0.0031     4.7265 3.9072e-02      0.024     5.6722      98.63     -1.029          0          1    177.174    176.962         23    34.5842    25.6112    15.1825    34.5843    25.6122    15.1784 0.0000e+00
      92048    302.000    304.173    15.2586   4.284945    15.2496   4.284033     1.9552     1.9338    99.9217     0.0031     4.7265 3.8892e-02      0.024     5.6532      98.63     -1.025          0          1    177.263    176.890         21    34.5868    25.6067    15.2120    34.5865    25.6085    15.2030 0.0000e+00
      92068    301.000    303.166    15.2735   4.286360    15.2717   4.286226     1.9562     1.9342    99.9217     0.0031     4.7265 3.9076e-02      0.019     5.6430      98.63     -1.117          0          1    177.249    176.950         20    34.5869    25.6034    15.2270    34.5872    25.6041    15.2252 0.0000e+00
      92087    300.000    302.158    15.2767   4.286695    15.2757   4.286570     1.9571     1.9352    99.9217     0.0031     4.7265 3.9072e-02      0.018     5.6429      98.63     -1.215          0          1    177.333    177.100         19    34.5875    25.6032    15.2304    34.5872    25.6032    15.2294 0.0000e+00
      92105    299.000    301.150    15.2892   4.288039    15.2866   4.287783     1.9579     1.9362    99.9217     0.0031     4.7265 3.9072e-02      0.018     5.6467      98.63     -1.284          0          1    177.535    177.207         17    34.5890    25.6016    15.2430    34.5890    25.6021    15.2404 0.0000e+00
      92124    298.000    300.142    15.3067   4.289681    15.3042   4.289448     1.9602     1.9376    99.9217     0.0031     4.7265 3.9072e-02      0.018     5.6718      98.63     -1.323          0          1    177.911    177.416         20    34.5888    25.5975    15.2606    34.5889    25.5981    15.2581 0.0000e+00
      92144    297.000    299.134    15.3082   4.289740    15.3072   4.289628     1.9628     1.9395    99.9217     0.0031     4.7265 3.9072e-02      0.018     5.6726      98.63     -1.271          0          1    178.309    177.761         21    34.5884    25.5968    15.2623    34.5883    25.5970    15.2613 0.0000e+00
      92166    296.000    298.126    15.3242   4.291273    15.3178   4.290772     1.9668     1.9428    99.9217     0.0031     4.7265 3.8716e-02      0.018     5.6529      98.63     -1.149          0          1    178.930    178.486         24    34.5886    25.5934    15.2784    34.5897    25.5957    15.2720 0.0000e+00
      92191    295.000    297.118    15.3795   4.296879    15.3709   4.296198     1.9720     1.9489    99.9217     0.0031     4.7265 3.8035e-02      0.018     5.6395      98.63     -1.007          0          1    179.636    179.418         25    34.5909    25.5829    15.3337    34.5923    25.5859    15.3252 0.0000e+00
      92214    294.000    296.110    15.4275   4.301913    15.4134   4.300412     1.9792     1.9558    99.9217     0.0031     4.7265 3.7849e-02      0.018     5.6126      98.63     -0.997          0          1    180.721    180.125         21    34.5944    25.5749    15.3818    34.5933    25.5772    15.3677 0.0000e+00
      92234    293.000    295.102    15.4839   4.307429    15.4686   4.305996     1.9865     1.9612    99.9217     0.0031     4.7265 3.7851e-02      0.018     5.6223      98.63     -1.110          0          1    181.140    180.433         19    34.5949    25.5627    15.4382    34.5955    25.5666    15.4230 0.0000e+00
      92253    292.000    294.094    15.5290   4.312308    15.5183   4.311363     1.9907     1.9658    99.9217     0.0031     4.7265 3.7525e-02      0.018     5.6366      98.63     -1.223          0          1    181.003    180.589         19    34.5996    25.5562    15.4834    34.6005    25.5593    15.4727 0.0000e+00
      92272    291.000    293.086    15.5751   4.317185    15.5701   4.316726     1.9937     1.9693    99.9217     0.0031     4.7265 3.7005e-02      0.018     5.6408      98.63     -1.284          0          1    180.888    180.495         20    34.6033    25.5488    15.5296    34.6036    25.5501    15.5246 0.0000e+00
      92293    290.000    292.079    15.5975   4.319522    15.5948   4.319301     1.9957     1.9720    99.9362     0.0025     4.7272 3.8293e-02      0.018     5.6436      98.63     -1.247          0          1    180.767    180.396         21    34.6050    25.5451    15.5521    34.6054    25.5460    15.5494 0.0000e+00
      92315    289.000    291.071    15.6125   4.321082    15.6097   4.320790     1.9969     1.9733    99.9475     0.0021     4.7277 3.7958e-02      0.022     5.6638      98.63     -1.143          0          1    180.850    180.474         23    34.6063    25.5426    15.5672    34.6061    25.5431    15.5644 0.0000e+00
      92338    288.000    290.063    15.6272   4.322664    15.6249   4.322438     1.9995     1.9760    99.9451     0.0022     4.7276 3.7850e-02      0.024     5.6734      98.63     -1.066          0          1    181.403    180.965         22    34.6079    25.5406    15.5820    34.6079    25.5411    15.5797 0.0000e+00
      92358    287.000    289.055    15.7299   4.333882    15.7010   4.331221     2.0028     1.9789    99.9215     0.0031     4.7265 3.7851e-02      0.022     5.6756      98.63     -1.103          0          1    181.397    180.922         19    34.6188    25.5259    15.6847    34.6203    25.5335    15.6559 0.0000e+00
      92377    286.000    288.047    15.8067   4.341648    15.8025   4.341483     2.0053     1.9807    99.9217     0.0031     4.7265 3.7325e-02      0.024     5.6705      98.63     -1.202          0          1    181.027    180.592         19    34.6214    25.5106    15.7615    34.6236    25.5132    15.7573 0.0000e+00
      92397    285.000    287.039    15.8713   4.348819    15.8550   4.347291     2.0051     1.9820    99.9217     0.0031     4.7265 3.7239e-02      0.022     5.6782      98.63     -1.254          0          1    180.425    180.530         20    34.6293    25.5020    15.8261    34.6300    25.5062    15.8099 0.0000e+00
      92417    284.000    286.031    15.9236   4.354308    15.9118   4.353079     2.0054     1.9838    99.9217     0.0031     4.7265 3.7741e-02      0.022     5.6894      98.63     -1.228          0          1    180.684    180.629         21    34.6330    25.4929    15.8785    34.6323    25.4951    15.8667 0.0000e+00
      92438    283.000    285.023    15.9912   4.361640    15.9921   4.361941     2.0089     1.9862    99.9217     0.0031     4.7265 3.7685e-02      0.018     5.6632      98.63     -1.169          0          1    181.227    180.690         22    34.6396    25.4826    15.9461    34.6415    25.4839    15.9470 0.0000e+00
      92460    282.000    284.015    16.0345   4.366160    16.0327   4.366253     2.0128     1.9889    99.9217     0.0031     4.7265 3.6649e-02      0.018     5.6288      98.63     -1.133          0          1    181.485    180.961         22    34.6424    25.4749    15.9895    34.6448    25.4772    15.9877 0.0000e+00
      92483    281.000    283.008    16.0535   4.368196    16.0499   4.367867     2.0161     1.9921    99.9217     0.0031     4.7265 3.6630e-02      0.018     5.6016      98.63     -1.098          0          1    181.466    181.177         23    34.6443    25.4720    16.0086    34.6445    25.4730    16.0050 0.0000e+00
