CTDdata/C11M001.cnv
* Sea-Bird SBE 9 Data File:
* FileName = C:\MR1703C\CTDdata\C11M001.hdr
* Software Version Seasave V 7.23.2
* Temperature SN = 031464
* Conductivity SN = 041203
* Number of Bytes Per Scan = 41
* Number of Voltage Words = 4
* Number of Scans Averaged by the Deck Unit = 1
* NMEA Latitude = 24 45.60 N
* NMEA Longitude = 122 50.41 E
* NMEA UTC (Time) = Jun 02 2017 11:43:22
* NMEA baud rate = 4800
** Cruise: MR17-03C
** Station: C11
** Bottom Depth [m]: 1223.0
** Operator: S.Tanihara
# nquan = 29                                
# nvalues = 2430                        
# units = specified
# name 0 = scan: Scan Count
# name 1 = depSM: Depth [salt water, m]
# name 2 = prDM: Pressure, Digiquartz [db]
# name 3 = t090C: Temperature [ITS-90, deg C]
# name 4 = c0S/m: Conductivity [S/m]
# name 5 = t190C: Temperature, 2 [ITS-90, deg C]
# name 6 = c1S/m: Conductivity, 2 [S/m]
# name 7 = sbeox0V: Oxygen raw, SBE 43 [V]
# name 8 = sbeox1V: Oxygen raw, SBE 43, 2 [V]
# name 9 = CStarTr0: Beam Transmission, WET Labs C-Star [%]
# name 10 = CStarAt0: Beam Attenuation, WET Labs C-Star [1/m]
# name 11 = v4: Voltage 4
# name 12 = flSP: Fluorescence, Seapoint
# name 13 = seaTurbMtr: Turbidity, Seapoint [FTU]
# name 14 = wetCDOM: Fluorescence, WET Labs CDOM [mg/m^3]
# name 15 = altM: Altimeter [m]
# name 16 = dz/dtM: Descent Rate [m/s]
# name 17 = modError: Modulo Error Count
# name 18 = pumps: Pump Status
# name 19 = sbeox0Mm/Kg: Oxygen, SBE 43 [umol/kg], WS = 2
# name 20 = sbeox1Mm/Kg: Oxygen, SBE 43, 2 [umol/kg], WS = 2
# name 21 = nbin: number of scans per bin
# name 22 = sal00: Salinity, Practical [PSU]
# name 23 = sigma-é00: Density [sigma-theta, kg/m^3]
# name 24 = potemp090C: Potential Temperature [ITS-90, deg C]
# name 25 = sal11: Salinity, Practical, 2 [PSU]
# name 26 = sigma-é11: Density, 2 [sigma-theta, kg/m^3]
# name 27 = potemp190C: Potential Temperature, 2 [ITS-90, deg C]
# name 28 = flag: flag
# span 0 =      15773,     110875       
# span 1 =      1.000,   1217.000       
# span 2 =      1.006,   1228.474       
# span 3 =     3.9301,    27.9422       
# span 4 =   3.256013,   5.519146       
# span 5 =     3.9322,    27.9442       
# span 6 =   3.256348,   5.519847       
# span 7 =     0.8795,     2.5999       
# span 8 =     0.8585,     2.5272       
# span 9 =    98.0881,    99.9475       
# span 10 =     0.0021,     0.0772      
# span 11 =     4.6398,     4.7277      
# span 12 = 3.6629e-02, 6.1241e-01      
# span 13 =      0.018,      0.198      
# span 14 =     0.0229,    30.8164      
# span 15 =       7.76,     106.64      
# span 16 =     -1.694,      1.285      
# span 17 =          0,          0      
# span 18 =          1,          1      
# span 19 =     66.194,    199.768      
# span 20 =     66.275,    197.628      
# span 21 =         14,        184      
# span 22 =    34.3098,    34.9884      
# span 23 =    21.8985,    27.3568      
# span 24 =     3.8359,    27.9420      
# span 25 =    34.3125,    34.9935      
# span 26 =    21.8993,    27.3580      
# span 27 =     3.8380,    27.9440      
# span 28 = 0.0000e+00, 0.0000e+00      
# interval = meters: 1
# start_time = Jun 02 2017 11:43:22 [NMEA time, header]
# bad_flag = -9.990e-29
*END*
[from data line 701]
      37346    705.000    710.769     5.6054   3.374574     5.6078   3.375177     1.0139     0.9880    98.9662     0.0416     4.6813 4.8840e-02      0.122     8.4602      98.63      1.146          0          1     80.853     80.032         24    34.3430    27.0899     5.5446    34.3474    27.0931     5.5469 0.0000e+00
      37372    706.000    711.778     5.6015   3.374371     5.6030   3.374927     1.0136     0.9878    98.9661     0.0416     4.6813 4.8840e-02      0.122     8.4485      98.63      1.008          0          1     80.765     80.118         26    34.3441    27.0913     5.5406    34.3489    27.0949     5.5421 0.0000e+00
      37399    707.000    712.788     5.6008   3.374357     5.6025   3.374938     1.0134     0.9877    98.9661     0.0416     4.6813 4.8756e-02      0.122     8.4288      98.63      0.917          0          1     80.720     80.087         29    34.3442    27.0915     5.5398    34.3490    27.0951     5.5415 0.0000e+00
      37426    708.000    713.798     5.6006   3.374399     5.6022   3.374967     1.0131     0.9878    98.9661     0.0416     4.6813 4.7605e-02      0.120     8.4249      98.63      0.872          0          1     80.677     80.099         24    34.3444    27.0917     5.5395    34.3492    27.0953     5.5411 0.0000e+00
      37448    709.000    714.808     5.6007   3.374451     5.6024   3.375032     1.0127     0.9874    98.9661     0.0416     4.6813 4.7619e-02      0.117     8.4105      98.63      0.985          0          1     80.634     79.975         22    34.3443    27.0916     5.5395    34.3492    27.0953     5.5412 0.0000e+00
      37470    710.000    715.818     5.6014   3.374539     5.6029   3.375110     1.0125     0.9871    98.9661     0.0416     4.6813 4.7866e-02      0.122     8.4120      98.63      1.101          0          1     80.656     80.014         20    34.3441    27.0914     5.5401    34.3491    27.0951     5.5416 0.0000e+00
      37490    711.000    716.828     5.6013   3.374588     5.6031   3.375166     1.0125     0.9871    98.9661     0.0416     4.6813 4.7802e-02      0.122     8.4298      98.63      1.163          0          1     80.672     80.090         20    34.3443    27.0916     5.5399    34.3490    27.0951     5.5417 0.0000e+00
      37510    712.000    717.838     5.6010   3.374624     5.6026   3.375183     1.0121     0.9871    98.9601     0.0418     4.6810 4.8532e-02      0.126     8.4164      98.63      1.225          0          1     80.547     80.083         21    34.3445    27.0918     5.5395    34.3492    27.0953     5.5411 0.0000e+00
      37532    713.000    718.848     5.5998   3.374575     5.6014   3.375150     1.0120     0.9870    98.9660     0.0416     4.6813 4.8082e-02      0.124     8.3964      98.63      1.155          0          1     80.638     80.060         24    34.3447    27.0921     5.5383    34.3496    27.0957     5.5398 0.0000e+00
      37557    714.000    719.858     5.5979   3.374506     5.5999   3.375092     1.0117     0.9871    98.9661     0.0416     4.6813 4.8830e-02      0.122     8.3658      98.63      1.015          0          1     80.611     80.050         26    34.3453    27.0928     5.5363    34.3499    27.0962     5.5383 0.0000e+00
      37585    715.000    720.868     5.5964   3.374441     5.5982   3.375015     1.0119     0.9866    98.9304     0.0430     4.6796 4.8840e-02      0.127     8.3416      98.63      0.909          0          1     80.934     79.928         29    34.3456    27.0932     5.5347    34.3503    27.0967     5.5365 0.0000e+00
      37612    716.000    721.878     5.5921   3.374197     5.5942   3.374771     1.0128     0.9863    98.9142     0.0437     4.6789 4.8840e-02      0.128     8.3301      98.63      0.851          0          1     80.942     79.999         25    34.3467    27.0946     5.5303    34.3511    27.0978     5.5324 0.0000e+00
      37636    717.000    722.888     5.5903   3.374111     5.5919   3.374686     1.0124     0.9864    98.9145     0.0437     4.6789 4.8840e-02      0.128     8.3152      98.63      0.966          0          1     80.614     79.979         22    34.3471    27.0952     5.5284    34.3520    27.0988     5.5300 0.0000e+00
      37657    718.000    723.897     5.5895   3.374120     5.5913   3.374675     1.0120     0.9861    98.9145     0.0437     4.6789 4.8840e-02      0.128     8.3264      98.63      1.085          0          1     80.604     80.017         20    34.3475    27.0956     5.5276    34.3520    27.0989     5.5293 0.0000e+00
      37676    719.000    724.907     5.5891   3.374122     5.5908   3.374674     1.0118     0.9862    98.9145     0.0437     4.6789 4.8840e-02      0.128     8.3778      98.63      1.182          0          1     80.628     80.000         20    34.3474    27.0956     5.5271    34.3520    27.0990     5.5288 0.0000e+00
      37696    720.000    725.917     5.5894   3.374182     5.5911   3.374756     1.0116     0.9859    98.9145     0.0437     4.6789 4.8840e-02      0.125     8.4235      98.63      1.231          0          1     80.651     79.919         21    34.3473    27.0955     5.5273    34.3521    27.0991     5.5290 0.0000e+00
      37719    721.000    726.927     5.5890   3.374191     5.5903   3.374718     1.0115     0.9859    98.9145     0.0437     4.6789 4.8840e-02      0.122     8.4653      98.63      1.151          0          1     80.707     80.028         24    34.3473    27.0955     5.5268    34.3520    27.0991     5.5281 0.0000e+00
      37745    722.000    727.937     5.5865   3.374072     5.5880   3.374620     1.0115     0.9859    98.9145     0.0437     4.6789 4.8840e-02      0.126     8.4907      98.63      1.003          0          1     80.731     80.066         28    34.3480    27.0964     5.5242    34.3527    27.0999     5.5257 0.0000e+00
      37774    723.000    728.947     5.5866   3.374117     5.5883   3.374679     1.0115     0.9860    98.9369     0.0427     4.6799 4.8840e-02      0.129     8.5013      98.63      0.856          0          1     80.671     80.065         27    34.3479    27.0963     5.5242    34.3526    27.0998     5.5259 0.0000e+00
      37798    724.000    729.957     5.5870   3.374185     5.5883   3.374734     1.0111     0.9857    98.9392     0.0426     4.6800 4.7881e-02      0.128     8.5163      98.63      0.908          0          1     80.473     79.976         23    34.3478    27.0962     5.5245    34.3527    27.0999     5.5258 0.0000e+00
      37820    725.000    730.967     5.5859   3.374153     5.5879   3.374742     1.0107     0.9859    98.9148     0.0437     4.6789 4.8082e-02      0.123     8.5389      98.63      1.052          0          1     80.448     80.127         21    34.3481    27.0965     5.5233    34.3527    27.1000     5.5253 0.0000e+00
      37840    726.000    731.977     5.5830   3.373999     5.5850   3.374576     1.0103     0.9859    98.9077     0.0440     4.6786 4.8837e-02      0.128     8.5080      98.63      1.150          0          1     80.492     80.034         19    34.3488    27.0975     5.5204    34.3533    27.1008     5.5223 0.0000e+00
      37861    727.000    732.988     5.5838   3.374094     5.5851   3.374618     1.0103     0.9857    98.8885     0.0447     4.6777 4.8840e-02      0.125     8.5103      98.63      1.189          0          1     80.521     79.895         23    34.3485    27.0972     5.5211    34.3531    27.1007     5.5223 0.0000e+00
      37885    728.000    733.997     5.5818   3.373988     5.5828   3.374471     1.0100     0.9853    98.8739     0.0453     4.6770 4.8840e-02      0.129     8.5150      98.63      1.069          0          1     80.388     79.899         25    34.3489    27.0977     5.5190    34.3533    27.1011     5.5200 0.0000e+00
      37911    729.000    735.007     5.5633   3.372672     5.5654   3.373212     1.0094     0.9851    98.8175     0.0476     4.6743 4.8840e-02      0.134     8.5080      98.63      0.969          0          1     80.313     79.904         26    34.3522    27.1026     5.5005    34.3562    27.1055     5.5026 0.0000e+00
      37936    730.000    736.017     5.5382   3.370917     5.5396   3.371400     1.0093     0.9847    98.7754     0.0493     4.6723 4.8840e-02      0.137     8.5221      98.63      0.947          0          1     80.738     79.802         25    34.3573    27.1097     5.4754    34.3613    27.1127     5.4768 0.0000e+00
      37961    731.000    737.027     5.5346   3.370698     5.5341   3.371083     1.0097     0.9840    98.7419     0.0506     4.6707 4.8840e-02      0.146     8.5237      98.63      0.964          0          1     80.528     79.695         25    34.3580    27.1106     5.4718    34.3628    27.1145     5.4713 0.0000e+00
      37985    732.000    738.037     5.5243   3.370069     5.5253   3.370565     1.0091     0.9837    98.7031     0.0522     4.6689 4.8840e-02      0.147     8.5097      98.63      1.004          0          1     80.444     79.727         22    34.3608    27.1141     5.4614    34.3654    27.1176     5.4624 0.0000e+00
      38007    733.000    739.047     5.5205   3.369875     5.5222   3.370411     1.0091     0.9830    98.6818     0.0531     4.6679 4.8840e-02      0.147     8.5286      98.63      1.061          0          1     80.352     79.502         22    34.3620    27.1155     5.4576    34.3663    27.1187     5.4592 0.0000e+00
      38028    734.000    740.058     5.5192   3.369830     5.5209   3.370383     1.0081     0.9826    98.6820     0.0531     4.6679 4.7906e-02      0.147     8.5193      98.63      1.110          0          1     80.149     79.568         22    34.3623    27.1159     5.4562    34.3668    27.1193     5.4579 0.0000e+00
      38051    735.000    741.068     5.5189   3.369871     5.5205   3.370405     1.0079     0.9822    98.6820     0.0531     4.6679 4.8043e-02      0.152     8.5400      98.63      1.102          0          1     80.350     79.638         23    34.3625    27.1162     5.4558    34.3670    27.1195     5.4574 0.0000e+00
      38075    736.000    742.078     5.5182   3.369883     5.5201   3.370439     1.0076     0.9822    98.6820     0.0531     4.6679 4.8839e-02      0.153     8.5565      98.63      1.040          0          1     80.113     79.724         25    34.3629    27.1165     5.4550    34.3673    27.1198     5.4569 0.0000e+00
      38099    737.000    743.088     5.5176   3.369934     5.5193   3.370478     1.0069     0.9821    98.6820     0.0531     4.6679 4.8840e-02      0.154     8.5714      98.63      0.989          0          1     80.053     79.626         23    34.3636    27.1172     5.4543    34.3680    27.1205     5.4560 0.0000e+00
      38122    738.000    744.098     5.5180   3.370003     5.5197   3.370553     1.0066     0.9819    98.6639     0.0538     4.6671 4.8840e-02      0.159     8.5852      98.63      1.024          0          1     80.191     79.724         23    34.3635    27.1170     5.4546    34.3680    27.1204     5.4563 0.0000e+00
      38145    739.000    745.108     5.5176   3.370062     5.5193   3.370616     1.0066     0.9820    98.6563     0.0541     4.6667 4.8735e-02      0.159     8.6125      98.63      1.074          0          1     80.253     79.688         23    34.3640    27.1176     5.4541    34.3686    27.1210     5.4558 0.0000e+00
      38168    740.000    746.118     5.5161   3.370081     5.5183   3.370656     1.0066     0.9819    98.6509     0.0543     4.6664 4.7834e-02      0.158     8.6125      98.63      1.064          0          1     80.496     79.783         24    34.3653    27.1187     5.4525    34.3696    27.1219     5.4547 0.0000e+00
      38195    741.000    747.128     5.5121   3.369879     5.5143   3.370442     1.0076     0.9819    98.6044     0.0562     4.6642 4.7837e-02      0.157     8.6692      98.63      0.966          0          1     80.620     79.662         28    34.3666    27.1202     5.4485    34.3707    27.1233     5.4506 0.0000e+00
      38221    742.000    748.138     5.5095   3.369786     5.5109   3.370305     1.0075     0.9819    98.5838     0.0571     4.6632 4.8255e-02      0.159     8.6945      98.63      0.902          0          1     80.275     79.754         25    34.3677    27.1214     5.4458    34.3721    27.1248     5.4472 0.0000e+00
      38244    743.000    749.148     5.5075   3.369726     5.5100   3.370311     1.0069     0.9817    98.5741     0.0575     4.6628 4.8837e-02      0.159     8.7132      98.63      0.970          0          1     80.180     79.603         22    34.3685    27.1223     5.4437    34.3726    27.1253     5.4462 0.0000e+00
      38265    744.000    750.158     5.5059   3.369644     5.5077   3.370179     1.0067     0.9815    98.5530     0.0583     4.6618 4.8840e-02      0.163     8.7255      98.63      1.095          0          1     80.277     79.655         19    34.3687    27.1227     5.4420    34.3729    27.1259     5.4438 0.0000e+00
      38285    745.000    751.168     5.5047   3.369587     5.5064   3.370133     1.0067     0.9814    98.5529     0.0583     4.6618 4.8840e-02      0.165     8.7503      98.63      1.195          0          1     80.273     79.717         21    34.3688    27.1229     5.4407    34.3732    27.1263     5.4424 0.0000e+00
      38306    746.000    752.179     5.5039   3.369568     5.5051   3.370071     1.0063     0.9815    98.5529     0.0583     4.6618 4.8570e-02      0.165     8.7759      98.63      1.198          0          1     80.111     79.727         22    34.3689    27.1231     5.4399    34.3734    27.1265     5.4410 0.0000e+00
      38330    747.000    753.189     5.5032   3.369550     5.5049   3.370090     1.0058     0.9814    98.5570     0.0581     4.6620 4.7872e-02      0.168     8.8169      98.63      1.089          0          1     80.004     79.680         25    34.3689    27.1232     5.4391    34.3733    27.1265     5.4407 0.0000e+00
      38355    748.000    754.199     5.5034   3.369600     5.5052   3.370144     1.0054     0.9812    98.5785     0.0573     4.6630 4.8086e-02      0.165     8.8530      98.63      0.974          0          1     80.219     79.695         26    34.3688    27.1231     5.4392    34.3731    27.1263     5.4410 0.0000e+00
      38381    749.000    755.209     5.5026   3.369515     5.5041   3.370028     1.0060     0.9809    98.5722     0.0576     4.6627 4.8842e-02      0.171     8.8294      98.63      0.946          0          1     80.588     79.488         24    34.3681    27.1227     5.4383    34.3724    27.1259     5.4398 0.0000e+00
      38404    750.000    756.219     5.5005   3.369358     5.5028   3.369967     1.0064     0.9807    98.5527     0.0583     4.6618 4.8840e-02      0.171     8.8004      98.63      0.991          0          1     80.321     79.613         22    34.3680    27.1228     5.4361    34.3725    27.1262     5.4384 0.0000e+00
      38425    751.000    757.229     5.5009   3.369446     5.5025   3.369957     1.0059     0.9806    98.5657     0.0578     4.6624 4.8620e-02      0.170     8.7456      98.63      1.087          0          1     80.052     79.512         22    34.3681    27.1229     5.4364    34.3722    27.1260     5.4380 0.0000e+00
      38448    752.000    758.239     5.5005   3.369444     5.5020   3.369969     1.0055     0.9802    98.5785     0.0573     4.6630 4.7631e-02      0.165     8.6985      98.63      1.101          0          1     80.163     79.576         24    34.3680    27.1228     5.4359    34.3724    27.1262     5.4374 0.0000e+00
      38474    753.000    759.249     5.4999   3.369431     5.5014   3.369952     1.0052     0.9803    98.5787     0.0573     4.6630 4.7619e-02      0.168     8.6640      98.63      0.994          0          1     80.000     79.567         27    34.3679    27.1229     5.4352    34.3723    27.1262     5.4367 0.0000e+00
