CTDdata/C11M001.cnv
* Sea-Bird SBE 9 Data File:
* FileName = C:\MR1703C\CTDdata\C11M001.hdr
* Software Version Seasave V 7.23.2
* Temperature SN = 031464
* Conductivity SN = 041203
* Number of Bytes Per Scan = 41
* Number of Voltage Words = 4
* Number of Scans Averaged by the Deck Unit = 1
* NMEA Latitude = 24 45.60 N
* NMEA Longitude = 122 50.41 E
* NMEA UTC (Time) = Jun 02 2017 11:43:22
* NMEA baud rate = 4800
** Cruise: MR17-03C
** Station: C11
** Bottom Depth [m]: 1223.0
** Operator: S.Tanihara
# nquan = 29                                
# nvalues = 2430                        
# units = specified
# name 0 = scan: Scan Count
# name 1 = depSM: Depth [salt water, m]
# name 2 = prDM: Pressure, Digiquartz [db]
# name 3 = t090C: Temperature [ITS-90, deg C]
# name 4 = c0S/m: Conductivity [S/m]
# name 5 = t190C: Temperature, 2 [ITS-90, deg C]
# name 6 = c1S/m: Conductivity, 2 [S/m]
# name 7 = sbeox0V: Oxygen raw, SBE 43 [V]
# name 8 = sbeox1V: Oxygen raw, SBE 43, 2 [V]
# name 9 = CStarTr0: Beam Transmission, WET Labs C-Star [%]
# name 10 = CStarAt0: Beam Attenuation, WET Labs C-Star [1/m]
# name 11 = v4: Voltage 4
# name 12 = flSP: Fluorescence, Seapoint
# name 13 = seaTurbMtr: Turbidity, Seapoint [FTU]
# name 14 = wetCDOM: Fluorescence, WET Labs CDOM [mg/m^3]
# name 15 = altM: Altimeter [m]
# name 16 = dz/dtM: Descent Rate [m/s]
# name 17 = modError: Modulo Error Count
# name 18 = pumps: Pump Status
# name 19 = sbeox0Mm/Kg: Oxygen, SBE 43 [umol/kg], WS = 2
# name 20 = sbeox1Mm/Kg: Oxygen, SBE 43, 2 [umol/kg], WS = 2
# name 21 = nbin: number of scans per bin
# name 22 = sal00: Salinity, Practical [PSU]
# name 23 = sigma-é00: Density [sigma-theta, kg/m^3]
# name 24 = potemp090C: Potential Temperature [ITS-90, deg C]
# name 25 = sal11: Salinity, Practical, 2 [PSU]
# name 26 = sigma-é11: Density, 2 [sigma-theta, kg/m^3]
# name 27 = potemp190C: Potential Temperature, 2 [ITS-90, deg C]
# name 28 = flag: flag
# span 0 =      15773,     110875       
# span 1 =      1.000,   1217.000       
# span 2 =      1.006,   1228.474       
# span 3 =     3.9301,    27.9422       
# span 4 =   3.256013,   5.519146       
# span 5 =     3.9322,    27.9442       
# span 6 =   3.256348,   5.519847       
# span 7 =     0.8795,     2.5999       
# span 8 =     0.8585,     2.5272       
# span 9 =    98.0881,    99.9475       
# span 10 =     0.0021,     0.0772      
# span 11 =     4.6398,     4.7277      
# span 12 = 3.6629e-02, 6.1241e-01      
# span 13 =      0.018,      0.198      
# span 14 =     0.0229,    30.8164      
# span 15 =       7.76,     106.64      
# span 16 =     -1.694,      1.285      
# span 17 =          0,          0      
# span 18 =          1,          1      
# span 19 =     66.194,    199.768      
# span 20 =     66.275,    197.628      
# span 21 =         14,        184      
# span 22 =    34.3098,    34.9884      
# span 23 =    21.8985,    27.3568      
# span 24 =     3.8359,    27.9420      
# span 25 =    34.3125,    34.9935      
# span 26 =    21.8993,    27.3580      
# span 27 =     3.8380,    27.9440      
# span 28 = 0.0000e+00, 0.0000e+00      
# interval = meters: 1
# start_time = Jun 02 2017 11:43:22 [NMEA time, header]
# bad_flag = -9.990e-29
*END*
[from data line 301]
      27941    305.000    307.197    15.2685   4.286125    15.2700   4.286248     1.9677     1.9380    99.6634     0.0135     4.7143 3.9072e-02      0.024     4.9146      98.63      0.964          0          1    178.305    177.108         25    34.5876    25.6052    15.2214    34.5874    25.6047    15.2229 0.0000e+00
      27966    306.000    308.205    15.2619   4.285511    15.2631   4.285636     1.9662     1.9367    99.6634     0.0135     4.7143 3.9072e-02      0.024     4.9264      98.63      0.989          0          1    178.229    176.942         27    34.5874    25.6066    15.2147    34.5875    25.6064    15.2159 0.0000e+00
      27997    307.000    309.213    15.2517   4.284450    15.2536   4.284634     1.9660     1.9353    99.6634     0.0135     4.7143 3.9072e-02      0.024     4.9378      98.63      0.838          0          1    178.466    176.928         35    34.5864    25.6081    15.2043    34.5864    25.6077    15.2062 0.0000e+00
      28032    308.000    310.221    15.2419   4.283448    15.2427   4.283524     1.9657     1.9345    99.6634     0.0135     4.7143 3.9072e-02      0.023     4.9065      98.63      0.685          0          1    178.272    176.871         32    34.5856    25.6097    15.1944    34.5856    25.6095    15.1952 0.0000e+00
      28061    309.000    311.229    15.2157   4.280691    15.2174   4.280843     1.9634     1.9331    99.6634     0.0135     4.7143 3.9072e-02      0.021     4.8928      98.63      0.783          0          1    177.871    176.748         27    34.5834    25.6138    15.1681    34.5833    25.6133    15.1698 0.0000e+00
      28088    310.000    312.237    15.1911   4.278108    15.1909   4.278025     1.9616     1.9316    99.6634     0.0135     4.7143 3.9072e-02      0.022     4.8856      98.63      0.882          0          1    177.876    176.614         25    34.5813    25.6176    15.1434    34.5807    25.6172    15.1432 0.0000e+00
      28110    311.000    313.245    15.1472   4.273301    15.1448   4.273003     1.9599     1.9305    99.6684     0.0133     4.7145 3.9072e-02      0.024     4.8768      98.63      0.988          0          1    177.960    176.822         21    34.5761    25.6233    15.0994    34.5755    25.6234    15.0970 0.0000e+00
      28131    312.000    314.253    15.1112   4.269530    15.1116   4.269563     1.9598     1.9299    99.6895     0.0124     4.7155 3.9072e-02      0.024     4.8870      98.63      1.104          0          1    178.147    176.805         21    34.5733    25.6290    15.0634    34.5732    25.6289    15.0638 0.0000e+00
      28154    313.000    315.261    15.0832   4.266520    15.0851   4.266683     1.9587     1.9288    99.6892     0.0124     4.7155 3.9072e-02      0.024     4.9014      98.63      1.129          0          1    178.276    176.848         25    34.5703    25.6329    15.0353    34.5701    25.6323    15.0372 0.0000e+00
      28180    314.000    316.269    15.0620   4.264323    15.0629   4.264403     1.9593     1.9284    99.6892     0.0124     4.7155 3.9072e-02      0.024     4.9077      98.63      0.990          0          1    178.402    177.098         28    34.5687    25.6363    15.0140    34.5686    25.6361    15.0149 0.0000e+00
      28211    315.000    317.277    15.0407   4.261999    15.0420   4.262073     1.9582     1.9284    99.6892     0.0124     4.7155 3.8121e-02      0.021     4.9485      98.63      0.831          0          1    178.152    176.980         33    34.5660    25.6390    14.9926    34.5655    25.6383    14.9939 0.0000e+00
      28242    316.000    318.285    14.9522   4.252327    14.9548   4.252383     1.9555     1.9265    99.6892     0.0124     4.7155 3.8332e-02      0.018     4.9742      98.63      0.752          0          1    178.079    177.049         28    34.5559    25.6505    14.9041    34.5541    25.6486    14.9067 0.0000e+00
      28268    317.000    319.293    14.8908   4.245859    14.8912   4.245820     1.9541     1.9261    99.6892     0.0124     4.7155 3.7900e-02      0.024     5.0119      98.63      0.875          0          1    178.392    177.330         24    34.5509    25.6600    14.8427    34.5502    25.6594    14.8431 0.0000e+00
      28290    318.000    320.301    14.8661   4.243179    14.8667   4.243192     1.9545     1.9253    99.6892     0.0124     4.7155 3.7851e-02      0.024     5.0137      98.63      1.000          0          1    178.776    177.221         21    34.5480    25.6632    14.8179    34.5476    25.6627    14.8185 0.0000e+00
      28311    319.000    321.309    14.8301   4.239425    14.8303   4.239385     1.9545     1.9241    99.6892     0.0124     4.7155 3.7851e-02      0.024     4.9709      98.63      1.119          0          1    178.633    177.057         20    34.5452    25.6689    14.7818    34.5447    25.6684    14.7820 0.0000e+00
      28332    320.000    322.317    14.8232   4.238780    14.8245   4.238916     1.9529     1.9223    99.6892     0.0124     4.7155 3.8186e-02      0.024     4.9684      98.63      1.175          0          1    178.176    176.915         22    34.5451    25.6703    14.7748    34.5451    25.6700    14.7761 0.0000e+00
      28354    321.000    323.325    14.8186   4.238395    14.8193   4.238493     1.9495     1.9211    99.6892     0.0124     4.7155 3.9063e-02      0.024     4.9840      98.63      1.113          0          1    177.609    176.816         24    34.5452    25.6714    14.7700    34.5455    25.6715    14.7707 0.0000e+00
      28378    322.000    324.333    14.8113   4.237734    14.8135   4.237958     1.9462     1.9183    99.6892     0.0124     4.7155 3.9072e-02      0.024     4.9833      98.63      1.042          0          1    176.912    175.834         24    34.5453    25.6730    14.7626    34.5454    25.6726    14.7648 0.0000e+00
      28403    323.000    325.341    14.7616   4.232808    14.7625   4.232818     1.9387     1.9111    99.6892     0.0124     4.7155 3.9072e-02      0.024     5.0062      98.63      0.989          0          1    175.556    174.394         25    34.5439    25.6828    14.7129    34.5432    25.6820    14.7138 0.0000e+00
      28427    324.000    326.349    14.7207   4.229001    14.7208   4.229028     1.9295     1.9017    99.6892     0.0124     4.7155 3.9072e-02      0.024     5.0322      98.63      0.985          0          1    174.214    173.178         23    34.5450    25.6925    14.6719    34.5451    25.6926    14.6720 0.0000e+00
      28450    325.000    327.357    14.7152   4.228671    14.7162   4.228808     1.9202     1.8928    99.6892     0.0124     4.7155 3.9072e-02      0.024     5.0451      98.63      1.033          0          1    173.308    172.131         22    34.5464    25.6948    14.6663    34.5468    25.6949    14.6672 0.0000e+00
      28471    326.000    328.365    14.7152   4.228967    14.7161   4.229110     1.9128     1.8848    99.6892     0.0124     4.7155 3.9072e-02      0.024     5.0366      98.63      1.101          0          1    172.628    171.279         22    34.5488    25.6966    14.6661    34.5493    25.6968    14.6670 0.0000e+00
      28493    327.000    329.374    14.7018   4.227713    14.7019   4.227737     1.9061     1.8767    99.6892     0.0124     4.7155 3.9072e-02      0.022     5.0194      98.63      1.112          0          1    171.985    170.489         22    34.5488    25.6996    14.6526    34.5489    25.6996    14.6527 0.0000e+00
      28515    328.000    330.381    14.6840   4.225975    14.6844   4.226064     1.8991     1.8702    99.6892     0.0124     4.7155 3.9072e-02      0.018     5.0498      98.63      1.090          0          1    171.536    170.113         22    34.5483    25.7030    14.6347    34.5487    25.7033    14.6351 0.0000e+00
      28538    329.000    331.389    14.6660   4.224155    14.6663   4.224208     1.8960     1.8641    99.6892     0.0124     4.7155 3.9072e-02      0.018     5.1035      98.63      1.082          0          1    171.720    169.508         23    34.5472    25.7061    14.6166    34.5474    25.7062    14.6169 0.0000e+00
      28561    330.000    332.398    14.6597   4.223621    14.6601   4.223719     1.8926     1.8591    99.6892     0.0124     4.7155 3.9072e-02      0.018     5.1281      98.63      1.063          0          1    171.374    169.507         23    34.5475    25.7077    14.6101    34.5480    25.7080    14.6105 0.0000e+00
      28584    331.000    333.406    14.6538   4.223100    14.6556   4.223322     1.8902     1.8571    99.6892     0.0124     4.7155 3.9072e-02      0.018     5.1393      98.63      1.043          0          1    171.163    169.665         23    34.5476    25.7091    14.6041    34.5480    25.7090    14.6059 0.0000e+00
      28607    332.000    334.414    14.6507   4.222864    14.6486   4.222690     1.8874     1.8554    99.6892     0.0124     4.7155 3.9072e-02      0.018     5.1571      98.63      1.055          0          1    170.918    169.368         22    34.5477    25.7099    14.6008    34.5480    25.7106    14.5987 0.0000e+00
      28628    333.000    335.422    14.6343   4.221267    14.6324   4.221167     1.8852     1.8528    99.6892     0.0124     4.7155 3.9072e-02      0.018     5.1510      98.63      1.098          0          1    170.524    168.928         22    34.5473    25.7131    14.5843    34.5481    25.7141    14.5824 0.0000e+00
      28651    334.000    336.430    14.6190   4.219827    14.6197   4.219936     1.8813     1.8496    99.6892     0.0124     4.7155 3.9072e-02      0.022     5.1587      98.63      1.092          0          1    170.024    168.542         23    34.5473    25.7164    14.5689    34.5477    25.7166    14.5696 0.0000e+00
      28674    335.000    337.438    14.6023   4.218243    14.6035   4.218415     1.8774     1.8462    99.6892     0.0124     4.7155 3.9072e-02      0.023     5.2108      98.63      1.076          0          1    169.448    168.120         23    34.5472    25.7200    14.5521    34.5477    25.7201    14.5533 0.0000e+00
      28698    336.000    338.446    14.5869   4.216763    14.5867   4.216775     1.8726     1.8418    99.6892     0.0124     4.7155 3.9072e-02      0.019     5.2289      98.63      1.036          0          1    168.935    167.395         25    34.5469    25.7231    14.5366    34.5472    25.7233    14.5364 0.0000e+00
      28722    337.000    339.454    14.5546   4.213514    14.5562   4.213700     1.8675     1.8362    99.6678     0.0133     4.7145 3.9072e-02      0.024     5.2688      98.63      0.987          0          1    168.339    166.790         24    34.5454    25.7289    14.5042    34.5457    25.7287    14.5058 0.0000e+00
      28746    338.000    340.462    14.5273   4.210783    14.5287   4.210944     1.8630     1.8317    99.6634     0.0135     4.7143 3.9072e-02      0.024     5.3373      98.63      0.999          0          1    168.094    166.530         22    34.5442    25.7338    14.4768    34.5444    25.7337    14.4782 0.0000e+00
      28768    339.000    341.471    14.5055   4.208616    14.4982   4.207852     1.8592     1.8281    99.6634     0.0135     4.7143 3.9465e-02      0.024     5.3568      98.63      1.069          0          1    167.756    166.366         22    34.5433    25.7378    14.4549    34.5428    25.7389    14.4476 0.0000e+00
      28790    340.000    342.478    14.4674   4.204760    14.4707   4.205121     1.8558     1.8248    99.6634     0.0135     4.7143 3.9074e-02      0.024     5.3428      98.63      1.087          0          1    167.441    165.972         24    34.5414    25.7445    14.4168    34.5418    25.7440    14.4200 0.0000e+00
      28814    341.000    343.487    14.4361   4.201553    14.4350   4.201431     1.8513     1.8208    99.6869     0.0125     4.7154 3.9337e-02      0.024     5.3534      98.63      1.048          0          1    167.149    165.706         23    34.5393    25.7496    14.3854    34.5392    25.7497    14.3843 0.0000e+00
      28837    342.000    344.495    14.4170   4.199704    14.4179   4.199841     1.8490     1.8179    99.6892     0.0124     4.7155 4.0258e-02      0.024     5.4070      98.63      1.023          0          1    167.164    165.644         23    34.5389    25.7534    14.3662    34.5394    25.7535    14.3671 0.0000e+00
      28861    343.000    345.503    14.4000   4.197963    14.4022   4.198220     1.8469     1.8158    99.6820     0.0127     4.7152 4.0293e-02      0.024     5.4469      98.63      1.034          0          1    167.023    165.516         25    34.5376    25.7560    14.3491    34.5381    25.7559    14.3513 0.0000e+00
      28885    344.000    346.511    14.3757   4.195520    14.3758   4.195573     1.8441     1.8134    99.6637     0.0135     4.7143 3.9943e-02      0.024     5.4756      98.63      1.013          0          1    166.608    165.223         24    34.5364    25.7602    14.3247    34.5368    25.7605    14.3248 0.0000e+00
      28909    345.000    347.519    14.3608   4.194078    14.3613   4.194166     1.8418     1.8104    99.6687     0.0133     4.7145 3.9077e-02      0.024     5.4801      98.63      1.002          0          1    166.621    164.904         24    34.5360    25.7631    14.3097    34.5364    25.7633    14.3102 0.0000e+00
      28935    346.000    348.528    14.3413   4.192147    14.3429   4.192351     1.8399     1.8079    99.6894     0.0124     4.7155 3.9594e-02      0.024     5.4827      98.63      0.975          0          1    166.487    164.800         26    34.5352    25.7666    14.2901    34.5356    25.7667    14.2917 0.0000e+00
      28960    347.000    349.535    14.3361   4.191661    14.3377   4.191909     1.8377     1.8058    99.6892     0.0124     4.7155 3.9788e-02      0.024     5.4876      98.63      0.943          0          1    166.049    164.576         24    34.5349    25.7676    14.2847    34.5358    25.7679    14.2863 0.0000e+00
      28982    348.000    350.544    14.3315   4.191231    14.3325   4.191408     1.8346     1.8038    99.6780     0.0129     4.7150 3.9063e-02      0.024     5.5107      98.63      1.014          0          1    165.613    164.486         21    34.5347    25.7684    14.2800    34.5354    25.7688    14.2810 0.0000e+00
      29003    349.000    351.552    14.3212   4.190261    14.3220   4.190434     1.8323     1.8029    99.6632     0.0135     4.7143 4.0134e-02      0.024     5.5510      98.63      1.115          0          1    165.673    164.417         21    34.5345    25.7705    14.2696    34.5354    25.7710    14.2704 0.0000e+00
      29025    350.000    352.560    14.3127   4.189425    14.3142   4.189647     1.8314     1.8008    99.6634     0.0135     4.7143 4.0293e-02      0.024     5.5662      98.63      1.151          0          1    165.772    164.051         22    34.5340    25.7719    14.2609    34.5347    25.7721    14.2624 0.0000e+00
      29048    351.000    353.568    14.2818   4.186331    14.2821   4.186399     1.8301     1.7987    99.6634     0.0135     4.7143 4.0293e-02      0.024     5.5836      98.63      1.104          0          1    165.456    163.930         24    34.5326    25.7774    14.2300    34.5329    25.7776    14.2303 0.0000e+00
      29072    352.000    354.577    14.2712   4.185336    14.2714   4.185431     1.8272     1.7962    99.6634     0.0135     4.7143 3.9826e-02      0.024     5.6180      98.63      1.008          0          1    165.101    163.684         26    34.5324    25.7796    14.2192    34.5331    25.7801    14.2194 0.0000e+00
      29098    353.000    355.585    14.2639   4.184652    14.2646   4.184811     1.8246     1.7942    99.6781     0.0129     4.7150 3.9081e-02      0.024     5.5850      98.63      0.956          0          1    164.840    163.594         26    34.5322    25.7810    14.2118    34.5331    25.7815    14.2125 0.0000e+00
