CTDdata/C11M001.cnv
* Sea-Bird SBE 9 Data File:
* FileName = C:\MR1703C\CTDdata\C11M001.hdr
* Software Version Seasave V 7.23.2
* Temperature SN = 031464
* Conductivity SN = 041203
* Number of Bytes Per Scan = 41
* Number of Voltage Words = 4
* Number of Scans Averaged by the Deck Unit = 1
* NMEA Latitude = 24 45.60 N
* NMEA Longitude = 122 50.41 E
* NMEA UTC (Time) = Jun 02 2017 11:43:22
* NMEA baud rate = 4800
** Cruise: MR17-03C
** Station: C11
** Bottom Depth [m]: 1223.0
** Operator: S.Tanihara
# nquan = 29                                
# nvalues = 2430                        
# units = specified
# name 0 = scan: Scan Count
# name 1 = depSM: Depth [salt water, m]
# name 2 = prDM: Pressure, Digiquartz [db]
# name 3 = t090C: Temperature [ITS-90, deg C]
# name 4 = c0S/m: Conductivity [S/m]
# name 5 = t190C: Temperature, 2 [ITS-90, deg C]
# name 6 = c1S/m: Conductivity, 2 [S/m]
# name 7 = sbeox0V: Oxygen raw, SBE 43 [V]
# name 8 = sbeox1V: Oxygen raw, SBE 43, 2 [V]
# name 9 = CStarTr0: Beam Transmission, WET Labs C-Star [%]
# name 10 = CStarAt0: Beam Attenuation, WET Labs C-Star [1/m]
# name 11 = v4: Voltage 4
# name 12 = flSP: Fluorescence, Seapoint
# name 13 = seaTurbMtr: Turbidity, Seapoint [FTU]
# name 14 = wetCDOM: Fluorescence, WET Labs CDOM [mg/m^3]
# name 15 = altM: Altimeter [m]
# name 16 = dz/dtM: Descent Rate [m/s]
# name 17 = modError: Modulo Error Count
# name 18 = pumps: Pump Status
# name 19 = sbeox0Mm/Kg: Oxygen, SBE 43 [umol/kg], WS = 2
# name 20 = sbeox1Mm/Kg: Oxygen, SBE 43, 2 [umol/kg], WS = 2
# name 21 = nbin: number of scans per bin
# name 22 = sal00: Salinity, Practical [PSU]
# name 23 = sigma-é00: Density [sigma-theta, kg/m^3]
# name 24 = potemp090C: Potential Temperature [ITS-90, deg C]
# name 25 = sal11: Salinity, Practical, 2 [PSU]
# name 26 = sigma-é11: Density, 2 [sigma-theta, kg/m^3]
# name 27 = potemp190C: Potential Temperature, 2 [ITS-90, deg C]
# name 28 = flag: flag
# span 0 =      15773,     110875       
# span 1 =      1.000,   1217.000       
# span 2 =      1.006,   1228.474       
# span 3 =     3.9301,    27.9422       
# span 4 =   3.256013,   5.519146       
# span 5 =     3.9322,    27.9442       
# span 6 =   3.256348,   5.519847       
# span 7 =     0.8795,     2.5999       
# span 8 =     0.8585,     2.5272       
# span 9 =    98.0881,    99.9475       
# span 10 =     0.0021,     0.0772      
# span 11 =     4.6398,     4.7277      
# span 12 = 3.6629e-02, 6.1241e-01      
# span 13 =      0.018,      0.198      
# span 14 =     0.0229,    30.8164      
# span 15 =       7.76,     106.64      
# span 16 =     -1.694,      1.285      
# span 17 =          0,          0      
# span 18 =          1,          1      
# span 19 =     66.194,    199.768      
# span 20 =     66.275,    197.628      
# span 21 =         14,        184      
# span 22 =    34.3098,    34.9884      
# span 23 =    21.8985,    27.3568      
# span 24 =     3.8359,    27.9420      
# span 25 =    34.3125,    34.9935      
# span 26 =    21.8993,    27.3580      
# span 27 =     3.8380,    27.9440      
# span 28 = 0.0000e+00, 0.0000e+00      
# interval = meters: 1
# start_time = Jun 02 2017 11:43:22 [NMEA time, header]
# bad_flag = -9.990e-29
*END*
[from data line 151]
      20487    155.000    156.060    20.1055   4.801754    20.1060   4.801764     2.1941     2.1554    99.4052     0.0239     4.7021 7.0819e-02      0.031     3.2593      98.63      1.238          0          1    183.622    182.565         19    34.9382    24.6944    20.0766    34.9378    24.6940    20.0771 0.0000e+00
      20507    156.000    157.067    20.0837   4.799518    20.0822   4.799328     2.1909     2.1535    99.4052     0.0239     4.7021 7.1889e-02      0.031     3.2906      98.63      1.285          0          1    183.878    182.498         22    34.9376    24.6998    20.0546    34.9373    24.6999    20.0531 0.0000e+00
      20533    157.000    158.074    20.0612   4.797204    20.0611   4.797122     2.1893     2.1503    99.3937     0.0243     4.7016 7.4099e-02      0.031     3.3455      98.63      1.067          0          1    183.790    182.222         32    34.9370    24.7053    20.0319    34.9364    24.7049    20.0318 0.0000e+00
      20568    158.000    159.081    19.9892   4.789647    19.9929   4.789940     2.1862     2.1461    99.3861     0.0246     4.7012 6.9911e-02      0.031     3.3834      98.63      0.711          0          1    183.555    182.006         34    34.9346    24.7224    19.9598    34.9339    24.7209    19.9635 0.0000e+00
      20598    159.000    160.089    19.9681   4.787576    19.9692   4.787676     2.1807     2.1433    99.4004     0.0241     4.7019 6.8352e-02      0.031     3.4369      98.63      0.743          0          1    182.967    181.795         26    34.9348    24.7282    19.9386    34.9347    24.7278    19.9397 0.0000e+00
      20621    160.000    161.096    19.9359   4.784119    19.9391   4.784393     2.1776     2.1397    99.3903     0.0245     4.7014 6.8376e-02      0.031     3.4657      98.63      0.933          0          1    182.808    181.408         21    34.9328    24.7352    19.9062    34.9324    24.7340    19.9094 0.0000e+00
      20642    161.000    162.103    19.8923   4.779604    19.8906   4.779345     2.1745     2.1368    99.3929     0.0244     4.7015 6.8376e-02      0.031     3.4977      98.63      1.094          0          1    182.373    181.055         21    34.9317    24.7458    19.8625    34.9310    24.7457    19.8608 0.0000e+00
      20663    162.000    163.110    19.8177   4.771216    19.8119   4.770162     2.1680     2.1312    99.4049     0.0239     4.7021 6.9028e-02      0.031     3.4916      98.63      1.162          0          1    181.772    180.564         22    34.9245    24.7599    19.7878    34.9207    24.7585    19.7820 0.0000e+00
      20687    163.000    164.118    19.6132   4.749572    19.6121   4.749244     2.1632     2.1260    99.4052     0.0239     4.7021 6.7901e-02      0.031     3.4972      98.63      1.095          0          1    182.362    180.868         25    34.9163    24.8070    19.5833    34.9146    24.8059    19.5822 0.0000e+00
      20713    164.000    165.125    19.5588   4.743909    19.5580   4.743717     2.1600     2.1219    99.4052     0.0239     4.7021 6.6043e-02      0.035     3.5130      98.63      0.945          0          1    182.173    180.745         27    34.9146    24.8199    19.5288    34.9137    24.8194    19.5280 0.0000e+00
      20739    165.000    166.132    19.5390   4.741765    19.5394   4.741778     2.1560     2.1186    99.4052     0.0239     4.7021 6.5434e-02      0.031     3.5749      98.63      0.904          0          1    182.109    180.558         25    34.9131    24.8239    19.5088    34.9129    24.8236    19.5092 0.0000e+00
      20763    166.000    167.139    19.5237   4.740155    19.5238   4.740180     2.1555     2.1162    99.4052     0.0239     4.7021 6.4173e-02      0.031     3.6040      98.63      0.975          0          1    182.261    180.525         23    34.9122    24.8272    19.4933    34.9123    24.8273    19.4934 0.0000e+00
      20786    167.000    168.147    19.5127   4.739017    19.5120   4.738983     2.1552     2.1154    99.4052     0.0239     4.7021 6.3812e-02      0.031     3.6489      98.63      1.046          0          1    182.348    180.688         23    34.9116    24.8297    19.4822    34.9119    24.8301    19.4815 0.0000e+00
      20810    168.000    169.154    19.5127   4.739113    19.5125   4.739141     2.1544     2.1154    99.4052     0.0239     4.7021 6.4701e-02      0.031     3.6867      98.63      1.039          0          1    182.287    180.719         26    34.9121    24.8300    19.4820    34.9125    24.8304    19.4818 0.0000e+00
      20839    169.000    170.161    19.5092   4.738812    19.5077   4.738691     2.1552     2.1150    99.4052     0.0239     4.7021 6.4162e-02      0.031     3.7049      98.63      0.894          0          1    182.427    180.710         31    34.9121    24.8311    19.4783    34.9124    24.8316    19.4768 0.0000e+00
      20868    170.000    171.169    19.5040   4.738332    19.5040   4.738386     2.1533     2.1146    99.4052     0.0239     4.7021 6.3482e-02      0.031     3.7377      98.63      0.801          0          1    182.139    180.662         27    34.9122    24.8325    19.4729    34.9126    24.8328    19.4729 0.0000e+00
      20893    171.000    172.176    19.4986   4.737850    19.4984   4.737927     2.1530     2.1137    99.4228     0.0231     4.7029 6.2546e-02      0.031     3.7824      98.63      0.910          0          1    182.104    180.628         22    34.9123    24.8340    19.4674    34.9131    24.8347    19.4672 0.0000e+00
      20913    172.000    173.183    19.4968   4.737722    19.4965   4.737795     2.1510     2.1140    99.4309     0.0228     4.7033 6.2273e-02      0.031     3.7890      98.63      1.070          0          1    181.827    180.665         20    34.9124    24.8346    19.4654    34.9133    24.8353    19.4651 0.0000e+00
      20933    173.000    174.191    19.4956   4.737646    19.4951   4.737710     2.1499     2.1128    99.4067     0.0238     4.7022 6.2909e-02      0.031     3.8177      98.63      1.191          0          1    181.783    180.323         19    34.9124    24.8350    19.4640    34.9134    24.8358    19.4635 0.0000e+00
      20954    174.000    175.198    19.4892   4.737046    19.4886   4.737088     2.1485     2.1107    99.4063     0.0239     4.7022 6.4178e-02      0.031     3.8401      98.63      1.211          0          1    181.504    180.163         23    34.9125    24.8367    19.4574    34.9133    24.8375    19.4568 0.0000e+00
      20981    175.000    176.205    19.4704   4.735425    19.4702   4.735425     2.1439     2.1082    99.4306     0.0228     4.7033 6.4667e-02      0.031     3.8801      98.63      1.011          0          1    180.908    179.720         32    34.9144    24.8431    19.4385    34.9146    24.8433    19.4383 0.0000e+00
      21015    176.000    177.212    19.3824   4.726471    19.3840   4.726472     2.1389     2.1022    99.4310     0.0228     4.7033 6.1984e-02      0.031     3.8959      98.63      0.724          0          1    180.623    179.257         32    34.9135    24.8652    19.3504    34.9122    24.8637    19.3520 0.0000e+00
      21043    177.000    178.219    19.2907   4.716558    19.2912   4.716531     2.1334     2.0976    99.4310     0.0228     4.7033 5.9111e-02      0.031     3.9019      98.63      0.788          0          1    180.388    179.073         24    34.9077    24.8844    19.2586    34.9070    24.8837    19.2591 0.0000e+00
      21065    178.000    179.227    19.2433   4.711664    19.2435   4.711619     2.1308     2.0939    99.4310     0.0228     4.7033 5.7375e-02      0.031     3.9272      98.63      0.985          0          1    180.403    178.946         22    34.9064    24.8956    19.2111    34.9058    24.8951    19.2113 0.0000e+00
      21086    179.000    180.234    19.2002   4.707178    19.1983   4.706947     2.1282     2.0919    99.4310     0.0228     4.7033 5.7387e-02      0.032     3.9261      98.63      1.123          0          1    180.522    179.019         21    34.9049    24.9055    19.1678    34.9045    24.9058    19.1659 0.0000e+00
      21108    180.000    181.242    19.1844   4.705659    19.1842   4.705788     2.1287     2.0902    99.4310     0.0228     4.7033 5.7387e-02      0.032     3.9318      98.63      1.131          0          1    180.837    179.153         24    34.9051    24.9098    19.1519    34.9064    24.9108    19.1517 0.0000e+00
      21134    181.000    182.249    19.1859   4.706162    19.1850   4.706163     2.1279     2.0897    99.4446     0.0223     4.7039 5.6656e-02      0.031     3.9608      98.63      0.990          0          1    180.618    178.975         28    34.9077    24.9114    19.1532    34.9084    24.9122    19.1523 0.0000e+00
      21162    182.000    183.256    19.1819   4.705938    19.1814   4.705968     2.1261     2.0870    99.4567     0.0218     4.7045 5.5946e-02      0.031     3.9854      98.63      0.880          0          1    180.280    178.719         27    34.9088    24.9134    19.1490    34.9095    24.9140    19.1485 0.0000e+00
      21188    183.000    184.264    19.1481   4.702263    19.1482   4.702328     2.1238     2.0866    99.4568     0.0218     4.7045 5.4947e-02      0.031     3.9925      98.63      0.894          0          1    180.155    178.897         26    34.9062    24.9201    19.1151    34.9067    24.9204    19.1152 0.0000e+00
      21216    184.000    185.271    19.1325   4.700604    19.1318   4.700615     2.1211     2.0849    99.4568     0.0218     4.7045 5.4727e-02      0.031     4.0376      98.63      0.906          0          1    180.073    178.712         28    34.9051    24.9233    19.0993    34.9058    24.9240    19.0986 0.0000e+00
      21246    185.000    186.278    19.0907   4.695964    19.0913   4.696045     2.1215     2.0839    99.4373     0.0226     4.7036 5.4947e-02      0.031     4.0359      98.63      0.832          0          1    180.541    178.785         32    34.9012    24.9310    19.0574    34.9014    24.9310    19.0580 0.0000e+00
      21277    186.000    187.286    19.0498   4.691479    19.0508   4.691584     2.1218     2.0820    99.4310     0.0228     4.7033 5.4144e-02      0.031     4.0729      98.63      0.763          0          1    180.473    178.718         32    34.8978    24.9389    19.0164    34.8978    24.9387    19.0174 0.0000e+00
      21308    187.000    188.293    18.9535   4.681261    18.9555   4.681406     2.1186     2.0811    99.4542     0.0219     4.7044 5.2018e-02      0.031     4.0967      98.63      0.774          0          1    180.344    179.067         30    34.8931    24.9598    18.9200    34.8926    24.9590    18.9220 0.0000e+00
      21337    188.000    189.300    18.9392   4.679908    18.9392   4.679985     2.1181     2.0807    99.4568     0.0218     4.7045 4.9630e-02      0.037     4.1219      98.63      0.822          0          1    180.532    178.913         26    34.8934    24.9638    18.9055    34.8941    24.9643    18.9055 0.0000e+00
      21362    189.000    190.308    18.9098   4.676638    18.9101   4.676610     2.1159     2.0782    99.4650     0.0215     4.7049 4.8845e-02      0.032     4.1258      98.63      0.924          0          1    180.133    178.643         25    34.8905    24.9690    18.8760    34.8900    24.9686    18.8763 0.0000e+00
      21389    190.000    191.315    18.7874   4.664156    18.7879   4.664116     2.1128     2.0760    99.4823     0.0207     4.7057 4.6979e-02      0.031     4.1767      98.63      0.942          0          1    180.307    178.755         29    34.8887    24.9987    18.7536    34.8879    24.9979    18.7541 0.0000e+00
      21423    191.000    192.322    18.7516   4.660299    18.7520   4.660323     2.1099     2.0720    99.4826     0.0207     4.7057 4.4840e-02      0.031     4.2030      98.63      0.752          0          1    180.075    178.526         39    34.8861    25.0058    18.7176    34.8860    25.0056    18.7180 0.0000e+00
      21463    192.000    193.330    18.6965   4.654303    18.6970   4.654403     2.1077     2.0705    99.4826     0.0207     4.7057 4.4760e-02      0.031     4.2417      98.63      0.602          0          1    180.162    178.731         41    34.8819    25.0165    18.6624    34.8823    25.0167    18.6629 0.0000e+00
      21503    193.000    194.337    18.6774   4.652239    18.6780   4.652353     2.1021     2.0685    99.4826     0.0207     4.7057 4.4613e-02      0.031     4.2823      98.63      0.601          0          1    179.276    178.550         35    34.8803    25.0201    18.6432    34.8808    25.0203    18.6438 0.0000e+00
      21533    194.000    195.345    18.6266   4.646535    18.6267   4.646523     2.0997     2.0684    99.4826     0.0207     4.7057 4.3949e-02      0.031     4.2966      98.63      0.735          0          1    179.932    178.876         29    34.8749    25.0288    18.5923    34.8747    25.0286    18.5924 0.0000e+00
      21561    195.000    196.352    18.5850   4.641973    18.5849   4.641991     2.1026     2.0679    99.4826     0.0207     4.7057 4.3956e-02      0.031     4.2925      98.63      0.857          0          1    180.492    178.960         28    34.8713    25.0365    18.5505    34.8715    25.0367    18.5504 0.0000e+00
      21595    196.000    197.360    18.5571   4.638938    18.5567   4.638944     2.1030     2.0685    99.4826     0.0207     4.7057 4.2898e-02      0.031     4.3132      98.63      0.759          0          1    180.492    179.254         43    34.8689    25.0418    18.5225    34.8693    25.0421    18.5221 0.0000e+00
      21648    197.000    198.367    18.5252   4.635467    18.5263   4.635697     2.1055     2.0676    99.4826     0.0207     4.7057 4.2516e-02      0.031     4.3265      98.63      0.431          0          1    180.952    179.066         54    34.8663    25.0478    18.4905    34.8673    25.0483    18.4916 0.0000e+00
      21693    198.000    199.374    18.5054   4.633355    18.5051   4.633440     2.1044     2.0676    99.4826     0.0207     4.7057 4.2387e-02      0.030     4.3092      98.63      0.540          0          1    180.721    179.325         45    34.8648    25.0517    18.4705    34.8658    25.0525    18.4702 0.0000e+00
      21751    199.000    200.382    18.4986   4.632701    18.4984   4.632843     2.1040     2.0682    99.4826     0.0207     4.7057 4.4190e-02      0.026     4.2986      98.63      0.406          0          1    180.747    179.422         65    34.8647    25.0533    18.4635    34.8661    25.0544    18.4633 0.0000e+00
      22056    200.000    201.389    18.4827   4.631001    18.4821   4.631120     2.1018     2.0673    99.4816     0.0208     4.7057 4.4055e-02      0.028     4.3059      90.19      0.306          0          1    180.590    179.354        112    34.8634    25.0564    18.4475    34.8650    25.0577    18.4469 0.0000e+00
      23032    201.000    202.397    18.4708   4.629660    18.4707   4.629841     2.1019     2.0665    99.4951     0.0202     4.7063 4.3795e-02      0.030     4.5938      55.97      0.188          0          1    180.677    179.333        184    34.8618    25.0581    18.4354    34.8634    25.0594    18.4353 0.0000e+00
      23648    202.000    203.404    18.4656   4.629097    18.4656   4.629257     2.1014     2.0664    99.4963     0.0202     4.7064 4.4530e-02      0.030     4.4793      44.73      0.112          0          1    180.701    179.359        178    34.8611    25.0589    18.4301    34.8625    25.0600    18.4301 0.0000e+00
      24688    203.000    204.412    18.4061   4.622412    18.4075   4.622521     2.0996     2.0641    99.5167     0.0194     4.7073 4.4146e-02      0.029     4.5557      91.36      0.429          0          1    180.711    179.260         65    34.8547    25.0689    18.3705    34.8544    25.0683    18.3719 0.0000e+00
