CTDdata/C13M001.cnv
* Sea-Bird SBE 9 Data File:
* FileName = C:\MR1703C\CTDdata\C13M001.hdr
* Software Version Seasave V 7.23.2
* Temperature SN = 031464
* Conductivity SN = 041203
* Number of Bytes Per Scan = 41
* Number of Voltage Words = 4
* Number of Scans Averaged by the Deck Unit = 1
* NMEA Latitude = 29 00.21 N
* NMEA Longitude = 127 20.33 E
* NMEA UTC (Time) = Jun 04 2017 23:24:17
* NMEA baud rate = 4800
** Cruise: MR17-03C
** Station: C13
** Bottom Depth [m]: 846.0
** Operator: R.Kobayashi
# nquan = 29                                
# nvalues = 1664                        
# units = specified
# name 0 = scan: Scan Count
# name 1 = depSM: Depth [salt water, m]
# name 2 = prDM: Pressure, Digiquartz [db]
# name 3 = t090C: Temperature [ITS-90, deg C]
# name 4 = c0S/m: Conductivity [S/m]
# name 5 = t190C: Temperature, 2 [ITS-90, deg C]
# name 6 = c1S/m: Conductivity, 2 [S/m]
# name 7 = sbeox0V: Oxygen raw, SBE 43 [V]
# name 8 = sbeox1V: Oxygen raw, SBE 43, 2 [V]
# name 9 = CStarTr0: Beam Transmission, WET Labs C-Star [%]
# name 10 = CStarAt0: Beam Attenuation, WET Labs C-Star [1/m]
# name 11 = v4: Voltage 4
# name 12 = flSP: Fluorescence, Seapoint
# name 13 = seaTurbMtr: Turbidity, Seapoint [FTU]
# name 14 = wetCDOM: Fluorescence, WET Labs CDOM [mg/m^3]
# name 15 = altM: Altimeter [m]
# name 16 = dz/dtM: Descent Rate [m/s]
# name 17 = modError: Modulo Error Count
# name 18 = pumps: Pump Status
# name 19 = sbeox0Mm/Kg: Oxygen, SBE 43 [umol/kg], WS = 2
# name 20 = sbeox1Mm/Kg: Oxygen, SBE 43, 2 [umol/kg], WS = 2
# name 21 = nbin: number of scans per bin
# name 22 = sal00: Salinity, Practical [PSU]
# name 23 = sigma-é00: Density [sigma-theta, kg/m^3]
# name 24 = potemp090C: Potential Temperature [ITS-90, deg C]
# name 25 = sal11: Salinity, Practical, 2 [PSU]
# name 26 = sigma-é11: Density, 2 [sigma-theta, kg/m^3]
# name 27 = potemp190C: Potential Temperature, 2 [ITS-90, deg C]
# name 28 = flag: flag
# span 0 =      13263,      86425       
# span 1 =      1.000,    834.000       
# span 2 =      1.007,    841.352       
# span 3 =     5.2192,    25.7621       
# span 4 =   3.348245,   5.328107       
# span 5 =     5.2204,    25.7629       
# span 6 =   3.348595,   5.328419       
# span 7 =     0.9731,     2.6031       
# span 8 =     0.9514,     2.5501       
# span 9 =    96.6799,    99.7924       
# span 10 =     0.0083,     0.1351      
# span 11 =     4.5732,     4.7204      
# span 12 = 4.0082e-02, 1.3556e+00      
# span 13 =      0.031,      0.228      
# span 14 =    -0.8652,    33.6504      
# span 15 =      -0.24,     100.60      
# span 16 =     -1.310,      1.280      
# span 17 =          0,          0      
# span 18 =          1,          1      
# span 19 =     76.350,    215.875      
# span 20 =     76.345,    213.855      
# span 21 =         18,        255      
# span 22 =    34.0947,    34.7334      
# span 23 =    22.7828,    27.1601      
# span 24 =     5.1488,    25.7614      
# span 25 =    34.0965,    34.7326      
# span 26 =    22.7839,    27.1622      
# span 27 =     5.1500,    25.7622      
# span 28 = 0.0000e+00, 0.0000e+00      
# interval = meters: 1                  
# start_time = Jun 04 2017 23:24:17 [NMEA time, header]
# bad_flag = -9.990e-29
*END*
[from data line 1101]
      55486    563.000    567.591     6.8463   3.478195     6.8485   3.478573     1.1169     1.0980    98.8370     0.0468     4.6752 4.8840e-02      0.116     7.0449      98.63     -1.095          0          1     92.946     93.266         23    34.3219    26.9129     6.7930    34.3239    26.9142     6.7952 0.0000e+00
      55509    562.000    566.581     6.8501   3.478488     6.8511   3.478755     1.1176     1.0986    98.8370     0.0468     4.6752 4.7767e-02      0.116     7.0651      98.63     -1.069          0          1     93.102     93.205         22    34.3219    26.9123     6.7968    34.3238    26.9137     6.7978 0.0000e+00
      55530    561.000    565.571     6.8566   3.479021     6.8568   3.479224     1.1183     1.0989    98.8370     0.0468     4.6752 4.7615e-02      0.118     7.0669      98.63     -1.090          0          1     93.167     93.367         20    34.3217    26.9113     6.8034    34.3238    26.9129     6.8036 0.0000e+00
      55550    560.000    564.562     6.8677   3.479974     6.8703   3.480432     1.1190     1.0998    98.8370     0.0468     4.6752 4.7619e-02      0.116     7.0602      98.63     -1.181          0          1     93.262     93.516         20    34.3216    26.9097     6.8146    34.3241    26.9113     6.8172 0.0000e+00
      55570    559.000    563.552     6.8831   3.481335     6.8855   3.481735     1.1196     1.1006    98.8370     0.0468     4.6752 4.7619e-02      0.116     7.0511      98.63     -1.224          0          1     93.251     93.514         21    34.3218    26.9077     6.8300    34.3238    26.9090     6.8324 0.0000e+00
      55591    558.000    562.543     6.8918   3.482045     6.8920   3.482266     1.1202     1.1012    98.8505     0.0462     4.6758 4.7619e-02      0.121     7.0256      98.63     -1.176          0          1     93.389     93.677         21    34.3214    26.9063     6.8388    34.3236    26.9080     6.8390 0.0000e+00
      55612    557.000    561.534     6.8940   3.482197     6.8951   3.482466     1.1211     1.1022    98.8627     0.0457     4.6764 4.7619e-02      0.120     7.0186      98.63     -1.140          0          1     93.448     93.790         22    34.3213    26.9059     6.8411    34.3232    26.9072     6.8421 0.0000e+00
      55634    556.000    560.524     6.8945   3.482200     6.8921   3.482139     1.1219     1.1028    98.8628     0.0457     4.6764 4.8553e-02      0.116     7.0395      98.63     -1.125          0          1     93.562     93.823         22    34.3214    26.9059     6.8416    34.3231    26.9075     6.8393 0.0000e+00
      55657    555.000    559.514     6.8952   3.482213     6.8953   3.482404     1.1223     1.1036    98.8628     0.0457     4.6764 4.8841e-02      0.116     7.0638      98.63     -1.097          0          1     93.539     93.865         22    34.3213    26.9057     6.8424    34.3233    26.9072     6.8425 0.0000e+00
      55679    554.000    558.505     6.8962   3.482253     6.8964   3.482449     1.1230     1.1042    98.8628     0.0457     4.6764 4.8840e-02      0.116     7.1021      98.63     -1.082          0          1     93.589     93.873         22    34.3212    26.9055     6.8435    34.3232    26.9070     6.8437 0.0000e+00
      55700    553.000    557.495     6.8968   3.482262     6.8974   3.482493     1.1234     1.1045    98.8628     0.0457     4.6764 4.8840e-02      0.116     7.1280      98.63     -1.104          0          1     93.593     93.770         21    34.3212    26.9054     6.8442    34.3231    26.9068     6.8448 0.0000e+00
      55722    552.000    556.486     6.8976   3.482297     6.8981   3.482518     1.1234     1.1045    98.8628     0.0457     4.6764 4.8840e-02      0.116     7.1451      98.63     -1.128          0          1     93.513     93.833         23    34.3213    26.9053     6.8451    34.3232    26.9068     6.8456 0.0000e+00
      55745    551.000    555.476     6.8988   3.482358     6.8991   3.482556     1.1238     1.1052    98.8594     0.0458     4.6762 4.8840e-02      0.115     7.1784      98.63     -1.089          0          1     93.599     93.915         23    34.3212    26.9051     6.8464    34.3231    26.9065     6.8467 0.0000e+00
      55769    550.000    554.467     6.8998   3.482396     6.8997   3.482546     1.1241     1.1050    98.8542     0.0461     4.6760 4.8840e-02      0.116     7.2092      98.63     -1.037          0          1     93.604     93.732         24    34.3211    26.9049     6.8475    34.3229    26.9063     6.8474 0.0000e+00
      55791    549.000    553.458     6.9049   3.482838     6.9061   3.483135     1.1243     1.1053    98.8371     0.0468     4.6752 4.8840e-02      0.116     7.2183      98.63     -1.042          0          1     93.617     93.982         21    34.3214    26.9044     6.8527    34.3235    26.9058     6.8539 0.0000e+00
      55811    548.000    552.448     6.9190   3.484024     6.9206   3.484366     1.1245     1.1057    98.8370     0.0468     4.6752 4.8840e-02      0.118     7.2274      98.63     -1.126          0          1     93.680     93.936         19    34.3209    26.9020     6.8668    34.3231    26.9035     6.8684 0.0000e+00
      55831    547.000    551.439     6.9245   3.484472     6.9252   3.484708     1.1251     1.1059    98.8370     0.0468     4.6752 4.8840e-02      0.122     7.2533      98.63     -1.214          0          1     93.827     94.025         20    34.3208    26.9012     6.8724    34.3227    26.9026     6.8731 0.0000e+00
      55851    546.000    550.429     6.9264   3.484603     6.9266   3.484786     1.1256     1.1069    98.8407     0.0466     4.6754 4.8080e-02      0.121     7.2636      98.63     -1.226          0          1     93.872     94.215         21    34.3209    26.9010     6.8744    34.3227    26.9024     6.8746 0.0000e+00
      55873    545.000    549.420     6.9274   3.484642     6.9303   3.485075     1.1262     1.1072    98.8630     0.0457     4.6764 4.7615e-02      0.116     7.2491      98.63     -1.148          0          1     93.918     94.147         23    34.3208    26.9008     6.8755    34.3226    26.9018     6.8784 0.0000e+00
      55896    544.000    548.410     6.9330   3.485096     6.9322   3.485202     1.1266     1.1078    98.8628     0.0457     4.6764 4.7619e-02      0.116     7.2644      98.63     -1.074          0          1     93.884     94.209         23    34.3207    26.8999     6.8812    34.3226    26.9016     6.8804 0.0000e+00
      55920    543.000    547.401     6.9354   3.485280     6.9356   3.485467     1.1270     1.1085    98.8628     0.0457     4.6764 4.7668e-02      0.117     7.2980      98.63     -1.038          0          1     94.027     94.481         25    34.3208    26.8997     6.8837    34.3226    26.9011     6.8839 0.0000e+00
      55944    542.000    546.391     6.9462   3.486201     6.9480   3.486551     1.1277     1.1095    98.8628     0.0457     4.6764 4.7771e-02      0.115     7.3277      98.63     -1.002          0          1     94.129     94.518         24    34.3206    26.8981     6.8945    34.3227    26.8994     6.8963 0.0000e+00
      55968    541.000    545.382     6.9568   3.487094     6.9580   3.487402     1.1285     1.1099    98.8628     0.0457     4.6764 4.7730e-02      0.110     7.3429      98.63     -1.010          0          1     94.241     94.416         22    34.3204    26.8964     6.9052    34.3226    26.8980     6.9064 0.0000e+00
      55989    540.000    544.372     6.9685   3.488085     6.9697   3.488340     1.1293     1.1106    98.8628     0.0457     4.6764 4.7618e-02      0.111     7.3012      98.63     -1.086          0          1     94.293     94.614         20    34.3201    26.8946     6.9169    34.3217    26.8957     6.9181 0.0000e+00
      56009    539.000    543.363     6.9744   3.488535     6.9730   3.488616     1.1298     1.1112    98.8628     0.0457     4.6764 4.7619e-02      0.116     7.2634      98.63     -1.170          0          1     94.304     94.620         20    34.3197    26.8934     6.9229    34.3219    26.8954     6.9215 0.0000e+00
      56028    538.000    542.354     6.9756   3.488616     6.9758   3.488795     1.1302     1.1116    98.8628     0.0457     4.6764 4.8838e-02      0.116     7.2387      98.63     -1.214          0          1     94.297     94.613         20    34.3198    26.8934     6.9242    34.3216    26.8947     6.9244 0.0000e+00
      56049    537.000    541.344     6.9772   3.488700     6.9780   3.488948     1.1305     1.1121    98.8749     0.0452     4.6770 4.8840e-02      0.114     7.2221      98.63     -1.217          0          1     94.344     94.704         21    34.3197    26.8930     6.9259    34.3216    26.8944     6.9267 0.0000e+00
      56071    536.000    540.335     6.9799   3.488897     6.9797   3.489051     1.1312     1.1126    98.8884     0.0447     4.6777 4.8840e-02      0.110     7.2167      98.63     -1.162          0          1     94.508     94.746         23    34.3196    26.8926     6.9287    34.3215    26.8941     6.9285 0.0000e+00
      56095    535.000    539.326     6.9822   3.489058     6.9819   3.489195     1.1318     1.1132    98.8886     0.0447     4.6777 4.8598e-02      0.110     7.2097      98.63     -1.058          0          1     94.494     94.776         25    34.3196    26.8922     6.9311    34.3214    26.8937     6.9308 0.0000e+00
      56120    534.000    538.316     6.9891   3.489650     6.9851   3.489482     1.1322     1.1136    98.8886     0.0447     4.6777 4.7620e-02      0.108     7.2062      98.63     -0.972          0          1     94.585     94.956         25    34.3197    26.8914     6.9380    34.3218    26.8936     6.9341 0.0000e+00
      56144    533.000    537.307     7.0003   3.490608     7.0003   3.490806     1.1330     1.1146    98.8886     0.0447     4.6777 4.7619e-02      0.104     7.1810      98.63     -0.980          0          1     94.732     95.006         22    34.3195    26.8897     6.9493    34.3217    26.8914     6.9493 0.0000e+00
      56165    532.000    536.298     7.0137   3.491783     7.0148   3.492068     1.1338     1.1150    98.8886     0.0447     4.6777 4.7619e-02      0.105     7.1690      98.63     -1.069          0          1     94.880     94.981         20    34.3196    26.8879     6.9627    34.3216    26.8893     6.9638 0.0000e+00
      56184    531.000    535.288     7.0359   3.493759     7.0361   3.493958     1.1347     1.1154    98.8886     0.0447     4.6777 4.8409e-02      0.110     7.1602      98.63     -1.181          0          1     95.041     95.108         20    34.3197    26.8849     6.9850    34.3216    26.8864     6.9851 0.0000e+00
      56205    530.000    534.279     7.0586   3.495699     7.0577   3.495848     1.1360     1.1164    98.8886     0.0447     4.6777 4.8831e-02      0.110     7.1293      98.63     -1.227          0          1     95.236     95.404         21    34.3189    26.8811     7.0077    34.3214    26.8832     7.0068 0.0000e+00
      56227    529.000    533.269     7.0664   3.496327     7.0668   3.496531     1.1373     1.1180    98.8727     0.0453     4.6769 4.8840e-02      0.115     7.1159      98.63     -1.148          0          1     95.389     95.704         24    34.3185    26.8797     7.0155    34.3203    26.8811     7.0159 0.0000e+00
      56251    528.000    532.260     7.0686   3.496507     7.0728   3.497057     1.1387     1.1196    98.8628     0.0457     4.6764 4.7674e-02      0.122     7.0761      98.63     -1.027          0          1     95.554     95.635         24    34.3187    26.8796     7.0178    34.3206    26.8805     7.0220 0.0000e+00
      56276    527.000    531.251     7.0793   3.497416     7.0813   3.497786     1.1398     1.1202    98.8890     0.0447     4.6777 4.7618e-02      0.122     7.0295      98.63     -0.991          0          1     95.635     95.710         24    34.3185    26.8780     7.0286    34.3206    26.8793     7.0306 0.0000e+00
      56299    526.000    530.241     7.0970   3.498921     7.0952   3.498982     1.1412     1.1215    98.8931     0.0445     4.6779 4.7619e-02      0.116     7.0171      98.63     -1.014          0          1     95.884     96.084         23    34.3179    26.8751     7.0463    34.3204    26.8772     7.0445 0.0000e+00
      56322    525.000    529.232     7.1112   3.500135     7.1120   3.500414     1.1425     1.1231    98.9144     0.0437     4.6789 4.7619e-02      0.110     7.0191      98.63     -1.057          0          1     95.975     96.271         23    34.3176    26.8728     7.0606    34.3198    26.8745     7.0613 0.0000e+00
      56346    524.000    528.223     7.1315   3.501964     7.1320   3.502199     1.1437     1.1245    98.9145     0.0437     4.6789 4.7619e-02      0.110     7.0575      98.63     -1.033          0          1     96.148     96.345         26    34.3179    26.8703     7.0809    34.3200    26.8718     7.0814 0.0000e+00
      56372    523.000    527.213     7.1525   3.503722     7.1485   3.503583     1.1455     1.1261    98.9145     0.0437     4.6789 4.7619e-02      0.106     7.0735      98.63     -0.947          0          1     96.343     96.553         26    34.3168    26.8665     7.1019    34.3192    26.8689     7.0979 0.0000e+00
      56400    522.000    526.204     7.1578   3.504155     7.1572   3.504280     1.1468     1.1276    98.9145     0.0437     4.6789 4.8798e-02      0.105     7.0758      98.63     -0.911          0          1     96.410     96.612         28    34.3168    26.8657     7.1073    34.3187    26.8673     7.1067 0.0000e+00
      56428    521.000    525.195     7.1596   3.504257     7.1593   3.504418     1.1481     1.1287    98.9145     0.0437     4.6789 4.7751e-02      0.108     7.0507      98.63     -0.863          0          1     96.475     96.716         30    34.3166    26.8653     7.1092    34.3186    26.8669     7.1089 0.0000e+00
      56458    520.000    524.185     7.1603   3.504274     7.1602   3.504440     1.1486     1.1298    98.9145     0.0437     4.6789 4.7618e-02      0.109     7.0477      98.63     -0.807          0          1     96.446     96.773         29    34.3165    26.8651     7.1100    34.3184    26.8667     7.1099 0.0000e+00
      56485    519.000    523.176     7.1628   3.504445     7.1630   3.504638     1.1494     1.1306    98.9145     0.0437     4.6789 4.7619e-02      0.104     7.0711      98.63     -0.853          0          1     96.570     96.826         26    34.3164    26.8647     7.1126    34.3183    26.8662     7.1127 0.0000e+00
      56512    518.000    522.167     7.1676   3.504817     7.1672   3.504952     1.1500     1.1314    98.9145     0.0437     4.6789 4.7619e-02      0.104     7.0896      98.63     -0.926          0          1     96.579     96.933         27    34.3162    26.8638     7.1174    34.3181    26.8654     7.1170 0.0000e+00
      56541    517.000    521.158     7.1684   3.504838     7.1683   3.504990     1.1506     1.1319    98.9145     0.0437     4.6789 4.7619e-02      0.108     7.0889      98.63     -0.868          0          1     96.662     96.923         30    34.3161    26.8636     7.1183    34.3179    26.8650     7.1182 0.0000e+00
      56571    516.000    520.148     7.1705   3.504961     7.1700   3.505097     1.1511     1.1323    98.9145     0.0437     4.6789 4.7619e-02      0.099     7.1150      98.63     -0.803          0          1     96.715     96.935         32    34.3159    26.8631     7.1205    34.3178    26.8648     7.1200 0.0000e+00
      56604    515.000    519.139     7.1801   3.505802     7.1758   3.505583     1.1516     1.1333    98.9226     0.0434     4.6793 4.7619e-02      0.102     7.1411      98.63     -0.754          0          1     96.786     97.316         32    34.3160    26.8619     7.1302    34.3179    26.8640     7.1259 0.0000e+00
