CTDdata/C13M001.cnv
* Sea-Bird SBE 9 Data File:
* FileName = C:\MR1703C\CTDdata\C13M001.hdr
* Software Version Seasave V 7.23.2
* Temperature SN = 031464
* Conductivity SN = 041203
* Number of Bytes Per Scan = 41
* Number of Voltage Words = 4
* Number of Scans Averaged by the Deck Unit = 1
* NMEA Latitude = 29 00.21 N
* NMEA Longitude = 127 20.33 E
* NMEA UTC (Time) = Jun 04 2017 23:24:17
* NMEA baud rate = 4800
** Cruise: MR17-03C
** Station: C13
** Bottom Depth [m]: 846.0
** Operator: R.Kobayashi
# nquan = 29                                
# nvalues = 1664                        
# units = specified
# name 0 = scan: Scan Count
# name 1 = depSM: Depth [salt water, m]
# name 2 = prDM: Pressure, Digiquartz [db]
# name 3 = t090C: Temperature [ITS-90, deg C]
# name 4 = c0S/m: Conductivity [S/m]
# name 5 = t190C: Temperature, 2 [ITS-90, deg C]
# name 6 = c1S/m: Conductivity, 2 [S/m]
# name 7 = sbeox0V: Oxygen raw, SBE 43 [V]
# name 8 = sbeox1V: Oxygen raw, SBE 43, 2 [V]
# name 9 = CStarTr0: Beam Transmission, WET Labs C-Star [%]
# name 10 = CStarAt0: Beam Attenuation, WET Labs C-Star [1/m]
# name 11 = v4: Voltage 4
# name 12 = flSP: Fluorescence, Seapoint
# name 13 = seaTurbMtr: Turbidity, Seapoint [FTU]
# name 14 = wetCDOM: Fluorescence, WET Labs CDOM [mg/m^3]
# name 15 = altM: Altimeter [m]
# name 16 = dz/dtM: Descent Rate [m/s]
# name 17 = modError: Modulo Error Count
# name 18 = pumps: Pump Status
# name 19 = sbeox0Mm/Kg: Oxygen, SBE 43 [umol/kg], WS = 2
# name 20 = sbeox1Mm/Kg: Oxygen, SBE 43, 2 [umol/kg], WS = 2
# name 21 = nbin: number of scans per bin
# name 22 = sal00: Salinity, Practical [PSU]
# name 23 = sigma-é00: Density [sigma-theta, kg/m^3]
# name 24 = potemp090C: Potential Temperature [ITS-90, deg C]
# name 25 = sal11: Salinity, Practical, 2 [PSU]
# name 26 = sigma-é11: Density, 2 [sigma-theta, kg/m^3]
# name 27 = potemp190C: Potential Temperature, 2 [ITS-90, deg C]
# name 28 = flag: flag
# span 0 =      13263,      86425       
# span 1 =      1.000,    834.000       
# span 2 =      1.007,    841.352       
# span 3 =     5.2192,    25.7621       
# span 4 =   3.348245,   5.328107       
# span 5 =     5.2204,    25.7629       
# span 6 =   3.348595,   5.328419       
# span 7 =     0.9731,     2.6031       
# span 8 =     0.9514,     2.5501       
# span 9 =    96.6799,    99.7924       
# span 10 =     0.0083,     0.1351      
# span 11 =     4.5732,     4.7204      
# span 12 = 4.0082e-02, 1.3556e+00      
# span 13 =      0.031,      0.228      
# span 14 =    -0.8652,    33.6504      
# span 15 =      -0.24,     100.60      
# span 16 =     -1.310,      1.280      
# span 17 =          0,          0      
# span 18 =          1,          1      
# span 19 =     76.350,    215.875      
# span 20 =     76.345,    213.855      
# span 21 =         18,        255      
# span 22 =    34.0947,    34.7334      
# span 23 =    22.7828,    27.1601      
# span 24 =     5.1488,    25.7614      
# span 25 =    34.0965,    34.7326      
# span 26 =    22.7839,    27.1622      
# span 27 =     5.1500,    25.7622      
# span 28 = 0.0000e+00, 0.0000e+00      
# interval = meters: 1                  
# start_time = Jun 04 2017 23:24:17 [NMEA time, header]
# bad_flag = -9.990e-29
*END*
[from data line 1551]
      75398    113.000    113.797    19.8262   4.742969    19.7819   4.738907     2.0897     2.0496    99.0215     0.0393     4.6839 2.3151e-01      0.064     3.0237      98.63     -1.115          0          1    177.366    175.206         21    34.7030    24.5863    19.8054    34.7063    24.6004    19.7611 0.0000e+00
      75421    112.000    112.790    20.1493   4.772429    20.0935   4.767959     2.1203     2.0755    99.0684     0.0374     4.6862 2.7816e-01      0.058     3.0184      98.63     -1.124          0          1    179.226    177.321         25    34.6780    24.4823    20.1284    34.6874    24.5042    20.0726 0.0000e+00
      75448    111.000    111.782    20.2441   4.780883    20.2089   4.777699     2.1445     2.1014    99.0694     0.0374     4.6862 2.9686e-01      0.055     2.9859      98.63     -0.966          0          1    180.164    178.717         30    34.6693    24.4505    20.2233    34.6723    24.4621    20.1881 0.0000e+00
      75480    110.000    110.775    20.3233   4.788080    20.3085   4.787034     2.1635     2.1209    99.0460     0.0383     4.6851 2.9852e-01      0.055     3.0365      98.63     -0.775          0          1    181.262    179.771         33    34.6632    24.4248    20.3026    34.6668    24.4315    20.2879 0.0000e+00
      75512    109.000    109.768    20.3858   4.792924    20.3747   4.792650     2.1784     2.1379    99.0436     0.0384     4.6850 3.2499e-01      0.054     3.1019      98.63     -0.751          0          1    182.976    181.511         30    34.6516    24.3994    20.3653    34.6585    24.4075    20.3542 0.0000e+00
      75540    108.000    108.760    20.5600   4.806250    20.5130   4.803397     2.2005     2.1571    99.0340     0.0388     4.6846 3.3383e-01      0.049     3.1315      98.63     -0.820          0          1    185.568    183.781         27    34.6175    24.3268    20.5396    34.6328    24.3511    20.4926 0.0000e+00
      75569    107.000    107.753    20.6626   4.813225    20.6257   4.810594     2.2249     2.1809    99.0181     0.0395     4.6838 3.5754e-01      0.049     3.1539      98.63     -0.856          0          1    187.384    186.085         32    34.5906    24.2788    20.6423    34.5994    24.2954    20.6054 0.0000e+00
      75610    106.000    106.746    20.7093   4.816655    20.6779   4.813852     2.2414     2.2017    99.0107     0.0398     4.6834 4.2037e-01      0.045     3.1917      98.63     -0.639          0          1    187.637    186.326         54    34.5806    24.2586    20.6891    34.5835    24.2693    20.6578 0.0000e+00
      75681    105.000    105.738    20.7799   4.823102    20.7309   4.819051     2.2615     2.2173    99.0032     0.0401     4.6831 4.9992e-01      0.047     3.2047      98.63     -0.328          0          1    190.260    188.352         94    34.5754    24.2356    20.7599    34.5826    24.2543    20.7109 0.0000e+00
      75806    104.000    104.731    20.9914   4.840366    21.0172   4.842497     2.3063     2.2699    98.9643     0.0417     4.6812 5.0539e-01      0.047     3.2761      98.63     -0.167          0          1    192.425    192.541        123    34.5429    24.1537    20.9714    34.5391    24.1438    20.9972 0.0000e+00
      75919    103.000    103.724    20.9987   4.840971    20.9901   4.839262     2.3101     2.2733    98.9251     0.0433     4.6794 5.4089e-01      0.047     3.1668      98.63     -0.199          0          1    194.368    192.686        131    34.5422    24.1511    20.9789    34.5354    24.1483    20.9703 0.0000e+00
      76067    102.000    102.716    21.1425   4.851798    21.1075   4.848838     2.3413     2.2960    98.8630     0.0457     4.6765 5.6708e-01      0.047     3.0772      98.63     -0.152          0          1    196.510    194.849        164    34.5129    24.0898    21.1228    34.5175    24.1028    21.0878 0.0000e+00
      76260    101.000    101.709    21.2122   4.856632    21.2296   4.857598     2.3625     2.3257    98.8093     0.0479     4.6739 5.9307e-01      0.049     2.9583      89.67     -0.133          0          1    197.883    197.163        161    34.4956    24.0576    21.1927    34.4893    24.0480    21.2101 0.0000e+00
      77427    100.000    100.702    21.2780   4.861367    21.2973   4.862653     2.3794     2.3416    98.7425     0.0506     4.6708 5.8132e-01      0.049     3.0759      70.27     -0.145          0          1    199.939    198.792        151    34.4808    24.0282    21.2586    34.4755    24.0189    21.2779 0.0000e+00
      78672     99.000     99.695    21.3107   4.863812    21.3110   4.863789     2.3860     2.3465    98.6829     0.0530     4.6679 5.3546e-01      0.049     3.2954       7.26     -0.334          0          1    200.168    199.212         61    34.4743    24.0143    21.2915    34.4738    24.0139    21.2918 0.0000e+00
      78652     98.000     98.688    21.3104   4.863783    21.3107   4.863773     2.3876     2.3482    98.7083     0.0520     4.6691 4.7859e-01      0.049     3.3553      10.58     -0.528          0          1    200.622    199.270         37    34.4746    24.0146    21.2914    34.4743    24.0143    21.2917 0.0000e+00
      78688     97.000     97.680    21.3156   4.863767    21.3157   4.863756     2.3897     2.3488    98.7149     0.0517     4.6694 4.8287e-01      0.049     3.4697      75.99     -0.665          0          1    200.810    199.395         36    34.4707    24.0101    21.2968    34.4705    24.0100    21.2969 0.0000e+00
      78727     96.000     96.673    21.3213   4.862971    21.3213   4.863125     2.3933     2.3509    98.7260     0.0513     4.6699 4.8437e-01      0.048     3.5838      98.43     -0.632          0          1    201.097    199.589         41    34.4601    24.0005    21.3027    34.4613    24.0014    21.3027 0.0000e+00
      78766     95.000     95.666    21.3214   4.862499    21.3195   4.862979     2.3949     2.3527    98.7075     0.0520     4.6691 4.7756e-01      0.053     3.6575      98.63     -0.594          0          1    201.578    199.958         36    34.4566    23.9977    21.3030    34.4619    24.0023    21.3011 0.0000e+00
      78801     94.000     94.658    21.3537   4.863587    21.3580   4.864007     2.4074     2.3625    98.6844     0.0530     4.6680 4.7548e-01      0.051     3.6831      98.63     -0.694          0          1    203.720    201.960         35    34.4397    23.9760    21.3354    34.4395    23.9747    21.3397 0.0000e+00
      78839     93.000     93.651    21.4442   4.868815    21.4294   4.867759     2.4257     2.3801    98.6187     0.0556     4.6649 5.3014e-01      0.046     3.6912      98.63     -0.648          0          1    204.945    203.192         43    34.4090    23.9278    21.4261    34.4124    23.9345    21.4113 0.0000e+00
      78881     92.000     92.644    21.4531   4.869392    21.4406   4.868748     2.4356     2.3891    98.4834     0.0611     4.6585 5.4059e-01      0.051     3.6714      98.63     -0.560          0          1    205.602    203.643         39    34.4068    23.9236    21.4352    34.4117    23.9307    21.4227 0.0000e+00
      78916     91.000     91.637    21.5003   4.872829    21.4829   4.871519     2.4443     2.3968    98.4497     0.0625     4.6569 5.6997e-01      0.058     3.6792      98.63     -0.669          0          1    206.131    204.481         32    34.3966    23.9028    21.4825    34.4001    23.9103    21.4652 0.0000e+00
      78949     90.000     90.630    21.5696   4.874540    21.5684   4.874621     2.4448     2.4005    98.3755     0.0655     4.6534 6.0621e-01      0.065     3.7303      98.63     -0.741          0          1    205.310    203.907         33    34.3551    23.8522    21.5520    34.3567    23.8537    21.5508 0.0000e+00
      78982     89.000     89.623    21.5813   4.873367    21.5749   4.873966     2.4419     2.4008    98.1919     0.0730     4.6447 6.4609e-01      0.061     3.7589      98.63     -0.731          0          1    204.920    203.895         33    34.3368    23.8350    21.5639    34.3467    23.8442    21.5575 0.0000e+00
      79016     88.000     88.615    21.6008   4.873033    21.5954   4.873251     2.4386     2.3980    98.1135     0.0762     4.6410 7.6520e-01      0.064     3.8099      98.63     -0.715          0          1    204.156    202.914         35    34.3190    23.8160    21.5836    34.3250    23.8221    21.5782 0.0000e+00
      79051     87.000     87.608    21.6198   4.870900    21.6158   4.870830     2.4269     2.3864    97.9814     0.0816     4.6347 8.5420e-01      0.068     3.8375      98.63     -0.699          0          1    202.150    200.955         34    34.2873    23.7866    21.6028    34.2900    23.7898    21.5988 0.0000e+00
      79087     86.000     86.601    21.6186   4.867100    21.6170   4.867872     2.4070     2.3703    97.8453     0.0871     4.6283 9.6881e-01      0.073     3.8737      98.63     -0.686          0          1    199.627    199.211         39    34.2586    23.7651    21.6018    34.2660    23.7711    21.6002 0.0000e+00
      79126     85.000     85.594    21.6282   4.865451    21.6225   4.866118     2.3872     2.3558    97.7787     0.0899     4.6252 1.0234e+00      0.073     3.8821      82.62     -0.613          0          1    198.287    198.253         40    34.2383    23.7469    21.6116    34.2481    23.7560    21.6059 0.0000e+00
      79166     84.000     84.586    21.6305   4.865084    21.6244   4.865560     2.3787     2.3477    97.7136     0.0925     4.6221 1.0360e+00      0.073     3.8958      98.71     -0.603          0          1    197.697    197.182         39    34.2339    23.7429    21.6141    34.2425    23.7511    21.6080 0.0000e+00
      79207     83.000     83.579    21.6324   4.864381    21.6323   4.864524     2.3701     2.3327    97.6629     0.0946     4.6197 1.1093e+00      0.080     3.9088      98.63     -0.602          0          1    197.059    195.614         44    34.2272    23.7372    21.6161    34.2284    23.7382    21.6160 0.0000e+00
      79258     82.000     82.572    21.6323   4.863677    21.6337   4.864053     2.3715     2.3269    97.5151     0.1007     4.6127 1.2687e+00      0.080     3.9913      71.39     -0.468          0          1    197.614    195.845         56    34.2220    23.7333    21.6162    34.2239    23.7343    21.6176 0.0000e+00
      79308     81.000     81.565    21.6348   4.863664    21.6325   4.863888     2.3701     2.3272    97.2942     0.1097     4.6022 1.2944e+00      0.087     4.1116      98.88     -0.483          0          1    197.088    195.891         44    34.2203    23.7312    21.6189    34.2239    23.7346    21.6166 0.0000e+00
      79842     80.000     80.558    21.7288   4.872642    21.7450   4.874181     2.4184     2.3825    97.2444     0.1118     4.5999 1.3556e+00      0.090     4.2997      84.33     -0.394          0          1    202.571    202.906         77    34.2169    23.7026    21.7131    34.2161    23.6976    21.7293 0.0000e+00
      81438     79.000     79.550    21.9510   4.893532    21.9593   4.894553     2.5242     2.4819    97.2118     0.1131     4.5984 1.2336e+00      0.092     4.4875      10.40     -0.394          0          1    212.750    211.269         53    34.2056    23.6323    21.9354    34.2070    23.6311    21.9437 0.0000e+00
      81489     78.000     78.543    21.9919   4.897778    21.9831   4.897028     2.5331     2.4850    97.3339     0.1081     4.6042 9.5694e-01      0.092     4.3560      54.28     -0.446          0          1    213.512    211.666         50    34.2069    23.6219    21.9764    34.2080    23.6251    21.9677 0.0000e+00
      81528     77.000     77.536    22.0023   4.899041    21.9988   4.899016     2.5375     2.4907    97.2867     0.1100     4.6020 8.7830e-01      0.086     4.2563      98.72     -0.584          0          1    214.349    212.674         30    34.2089    23.6205    21.9870    34.2115    23.6234    21.9835 0.0000e+00
      81557     76.000     76.529    22.1036   4.910325    22.1214   4.912497     2.5493     2.5024    97.2892     0.1100     4.6021 8.2165e-01      0.083     4.1797      18.33     -0.807          0          1    215.367    213.714         29    34.2177    23.5988    22.0885    34.2206    23.5960    22.1063 0.0000e+00
      81592     75.000     75.522    22.2085   4.920949    22.2164   4.921992     2.5567     2.5106    97.6384     0.0956     4.6186 7.1124e-01      0.079     4.1059      94.81     -0.732          0          1    215.076    213.521         45    34.2183    23.5698    22.1935    34.2202    23.5691    22.2014 0.0000e+00
      81640     74.000     74.515    22.2197   4.921204    22.1857   4.918165     2.5606     2.5124    97.7750     0.0900     4.6250 6.4188e-01      0.079     3.9679      86.02     -0.469          0          1    215.348    213.402         42    34.2118    23.5617    22.2049    34.2149    23.5736    22.1709 0.0000e+00
      81673     73.000     73.507    22.2055   4.919565    22.2171   4.921391     2.5638     2.5146    97.8422     0.0873     4.6282 5.8720e-01      0.079     3.8604      46.92     -0.673          0          1    215.684    213.791         28    34.2106    23.5647    22.1909    34.2157    23.5653    22.2025 0.0000e+00
      81699     72.000     72.500    22.3419   4.934083    22.3599   4.936394     2.5655     2.5156    97.9385     0.0833     4.6327 5.1383e-01      0.074     3.7736      87.62     -0.877          0          1    215.053    213.019         26    34.2168    23.5310    22.3275    34.2206    23.5288    22.3455 0.0000e+00
      81728     71.000     71.493    22.4630   4.948686    22.4632   4.948847     2.5616     2.5158    98.0848     0.0774     4.6396 4.4944e-01      0.073     3.6730      98.57     -0.881          0          1    213.542    212.799         31    34.2355    23.5110    22.4487    34.2366    23.5118    22.4489 0.0000e+00
      81760     70.000     70.486    22.5224   4.955874    22.5163   4.955412     2.5552     2.5165    98.1745     0.0737     4.6439 4.0075e-01      0.079     3.5961      98.63     -0.766          0          1    213.366    212.700         33    34.2450    23.5013    22.5083    34.2462    23.5040    22.5022 0.0000e+00
      81790     69.000     69.479    22.5834   4.963792    22.6048   4.966563     2.5633     2.5203    98.2954     0.0688     4.6496 3.7376e-01      0.075     3.4923      98.63     -0.766          0          1    214.578    212.804         28    34.2589    23.4945    22.5695    34.2636    23.4920    22.5909 0.0000e+00
      81819     68.000     68.472    22.7960   4.988195    22.8170   4.991019     2.5697     2.5198    98.4097     0.0642     4.6550 3.1412e-01      0.066     3.4408      98.63     -0.849          0          1    213.953    211.677         30    34.2814    23.4510    22.7822    34.2867    23.4491    22.8032 0.0000e+00
      81851     67.000     67.465    22.9066   4.999774    22.8997   4.999220     2.5701     2.5195    98.4238     0.0636     4.6557 2.7638e-01      0.062     3.3796      98.63     -0.783          0          1    213.083    211.473         32    34.2845    23.4217    22.8929    34.2856    23.4246    22.8860 0.0000e+00
      81882     66.000     66.458    22.9224   5.001325    22.9212   5.001550     2.5678     2.5206    98.4436     0.0628     4.6566 2.6260e-01      0.061     3.2980      98.63     -0.769          0          1    212.790    211.504         30    34.2844    23.4171    22.9089    34.2871    23.4195    22.9077 0.0000e+00
      81912     65.000     65.450    22.9308   5.002133    22.9328   5.002615     2.5679     2.5213    98.4926     0.0608     4.6589 2.5983e-01      0.065     3.2423      98.63     -0.794          0          1    212.949    211.444         32    34.2844    23.4146    22.9175    34.2865    23.4157    22.9195 0.0000e+00
