CTDdata/C13M001.cnv
* Sea-Bird SBE 9 Data File:
* FileName = C:\MR1703C\CTDdata\C13M001.hdr
* Software Version Seasave V 7.23.2
* Temperature SN = 031464
* Conductivity SN = 041203
* Number of Bytes Per Scan = 41
* Number of Voltage Words = 4
* Number of Scans Averaged by the Deck Unit = 1
* NMEA Latitude = 29 00.21 N
* NMEA Longitude = 127 20.33 E
* NMEA UTC (Time) = Jun 04 2017 23:24:17
* NMEA baud rate = 4800
** Cruise: MR17-03C
** Station: C13
** Bottom Depth [m]: 846.0
** Operator: R.Kobayashi
# nquan = 29                                
# nvalues = 1664                        
# units = specified
# name 0 = scan: Scan Count
# name 1 = depSM: Depth [salt water, m]
# name 2 = prDM: Pressure, Digiquartz [db]
# name 3 = t090C: Temperature [ITS-90, deg C]
# name 4 = c0S/m: Conductivity [S/m]
# name 5 = t190C: Temperature, 2 [ITS-90, deg C]
# name 6 = c1S/m: Conductivity, 2 [S/m]
# name 7 = sbeox0V: Oxygen raw, SBE 43 [V]
# name 8 = sbeox1V: Oxygen raw, SBE 43, 2 [V]
# name 9 = CStarTr0: Beam Transmission, WET Labs C-Star [%]
# name 10 = CStarAt0: Beam Attenuation, WET Labs C-Star [1/m]
# name 11 = v4: Voltage 4
# name 12 = flSP: Fluorescence, Seapoint
# name 13 = seaTurbMtr: Turbidity, Seapoint [FTU]
# name 14 = wetCDOM: Fluorescence, WET Labs CDOM [mg/m^3]
# name 15 = altM: Altimeter [m]
# name 16 = dz/dtM: Descent Rate [m/s]
# name 17 = modError: Modulo Error Count
# name 18 = pumps: Pump Status
# name 19 = sbeox0Mm/Kg: Oxygen, SBE 43 [umol/kg], WS = 2
# name 20 = sbeox1Mm/Kg: Oxygen, SBE 43, 2 [umol/kg], WS = 2
# name 21 = nbin: number of scans per bin
# name 22 = sal00: Salinity, Practical [PSU]
# name 23 = sigma-é00: Density [sigma-theta, kg/m^3]
# name 24 = potemp090C: Potential Temperature [ITS-90, deg C]
# name 25 = sal11: Salinity, Practical, 2 [PSU]
# name 26 = sigma-é11: Density, 2 [sigma-theta, kg/m^3]
# name 27 = potemp190C: Potential Temperature, 2 [ITS-90, deg C]
# name 28 = flag: flag
# span 0 =      13263,      86425       
# span 1 =      1.000,    834.000       
# span 2 =      1.007,    841.352       
# span 3 =     5.2192,    25.7621       
# span 4 =   3.348245,   5.328107       
# span 5 =     5.2204,    25.7629       
# span 6 =   3.348595,   5.328419       
# span 7 =     0.9731,     2.6031       
# span 8 =     0.9514,     2.5501       
# span 9 =    96.6799,    99.7924       
# span 10 =     0.0083,     0.1351      
# span 11 =     4.5732,     4.7204      
# span 12 = 4.0082e-02, 1.3556e+00      
# span 13 =      0.031,      0.228      
# span 14 =    -0.8652,    33.6504      
# span 15 =      -0.24,     100.60      
# span 16 =     -1.310,      1.280      
# span 17 =          0,          0      
# span 18 =          1,          1      
# span 19 =     76.350,    215.875      
# span 20 =     76.345,    213.855      
# span 21 =         18,        255      
# span 22 =    34.0947,    34.7334      
# span 23 =    22.7828,    27.1601      
# span 24 =     5.1488,    25.7614      
# span 25 =    34.0965,    34.7326      
# span 26 =    22.7839,    27.1622      
# span 27 =     5.1500,    25.7622      
# span 28 = 0.0000e+00, 0.0000e+00      
# interval = meters: 1                  
# start_time = Jun 04 2017 23:24:17 [NMEA time, header]
# bad_flag = -9.990e-29
*END*
[from data line 151]
      17806    155.000    156.109    18.5279   4.614539    18.5252   4.614346     1.9550     1.9179    97.3905     0.1058     4.6068 1.0741e-01      0.223     3.3901      98.63      0.871          0          1    162.706    161.163         29    34.7029    24.9203    18.5006    34.7036    24.9214    18.4979 0.0000e+00
      17834    156.000    157.116    18.4703   4.608630    18.4707   4.608730     1.9521     1.9146    97.3907     0.1058     4.6068 9.8962e-02      0.228     3.4050      98.63      0.841          0          1    162.512    160.849         26    34.7013    24.9334    18.4429    34.7018    24.9337    18.4433 0.0000e+00
      17857    157.000    158.124    18.4118   4.602655    18.4126   4.602705     1.9480     1.9104    97.3981     0.1055     4.6072 9.2124e-02      0.225     3.4443      98.63      0.950          0          1    161.840    160.300         21    34.6998    24.9469    18.3843    34.6995    24.9465    18.3851 0.0000e+00
      17877    158.000    159.132    18.3218   4.593361    18.3243   4.593345     1.9418     1.9056    97.4240     0.1044     4.6084 9.1281e-02      0.225     3.5058      98.63      1.110          0          1    161.432    160.109         20    34.6968    24.9670    18.2942    34.6945    24.9647    18.2967 0.0000e+00
      17897    159.000    160.139    18.1554   4.576383    18.1556   4.576128     1.9381     1.9027    97.4791     0.1022     4.6110 9.0848e-02      0.220     3.5201      98.63      1.209          0          1    161.738    160.383         20    34.6931    25.0055    18.1278    34.6908    25.0037    18.1280 0.0000e+00
      17920    160.000    161.147    18.0307   4.563489    18.0340   4.563632     1.9340     1.8982    97.5299     0.1001     4.6134 8.8151e-02      0.218     3.5152      98.63      1.152          0          1    161.670    160.147         26    34.6887    25.0329    18.0031    34.6872    25.0309    18.0064 0.0000e+00
      17948    161.000    162.154    17.8130   4.541068    17.8160   4.541013     1.9278     1.8931    97.7211     0.0922     4.6225 8.4535e-02      0.208     3.5613      98.63      0.940          0          1    161.350    160.057         29    34.6819    25.0810    17.7854    34.6788    25.0779    17.7884 0.0000e+00
      17975    162.000    163.162    17.4967   4.508526    17.4989   4.508169     1.9194     1.8852    98.0274     0.0797     4.6369 7.7771e-02      0.195     3.5815      98.63      0.854          0          1    161.224    159.938         25    34.6717    25.1500    17.4693    34.6668    25.1456    17.4715 0.0000e+00
      17998    163.000    164.169    16.9272   4.450450    16.9319   4.449721     1.9136     1.8808    98.2871     0.0691     4.6492 6.8270e-02      0.168     3.6366      98.63      0.958          0          1    162.952    161.606         22    34.6565    25.2742    16.9003    34.6461    25.2651    16.9050 0.0000e+00
      18019    164.000    165.177    16.7360   4.431471    16.7374   4.431206     1.9128     1.8786    98.4320     0.0632     4.6561 6.1696e-02      0.143     3.6515      98.63      1.091          0          1    163.915    162.084         20    34.6552    25.3183    16.7091    34.6517    25.3152    16.7105 0.0000e+00
      18040    165.000    166.184    16.6830   4.425865    16.6843   4.425706     1.9121     1.8763    98.5000     0.0604     4.6592 5.8824e-02      0.131     3.6449      98.63      1.162          0          1    163.883    161.998         22    34.6515    25.3279    16.6560    34.6490    25.3256    16.6573 0.0000e+00
      18063    166.000    167.192    16.6211   4.419486    16.6221   4.419342     1.9099     1.8741    98.5052     0.0602     4.6595 5.8660e-02      0.126     3.6564      98.63      1.114          0          1    163.720    161.976         25    34.6487    25.3402    16.5940    34.6466    25.3383    16.5950 0.0000e+00
      18090    167.000    168.199    16.5870   4.416046    16.5875   4.415968     1.9081     1.8712    98.5232     0.0595     4.6604 5.9421e-02      0.125     3.6890      98.63      0.959          0          1    163.560    161.534         27    34.6476    25.3474    16.5598    34.6465    25.3464    16.5603 0.0000e+00
      18116    168.000    169.207    16.5363   4.410816    16.5371   4.410739     1.9040     1.8668    98.5010     0.0604     4.6593 5.8602e-02      0.117     3.7195      98.63      0.895          0          1    162.935    161.200         25    34.6452    25.3573    16.5090    34.6438    25.3561    16.5098 0.0000e+00
      18139    169.000    170.215    16.4582   4.402732    16.4592   4.402535     1.8986     1.8639    98.5012     0.0604     4.6593 5.7672e-02      0.116     3.7347      98.63      0.986          0          1    162.557    161.247         21    34.6413    25.3725    16.4308    34.6387    25.3703    16.4318 0.0000e+00
      18161    170.000    171.222    16.3637   4.393140    16.3629   4.392838     1.8960     1.8616    98.5012     0.0604     4.6593 5.6811e-02      0.121     3.7529      98.63      1.088          0          1    162.705    161.226         23    34.6383    25.3921    16.3363    34.6364    25.3908    16.3355 0.0000e+00
      18184    171.000    172.230    16.3162   4.388357    16.3149   4.388143     1.8918     1.8581    98.5012     0.0604     4.6593 5.7323e-02      0.122     3.7801      98.63      1.089          0          1    162.370    161.019         24    34.6370    25.4021    16.2887    34.6362    25.4018    16.2874 0.0000e+00
      18210    172.000    173.237    16.2867   4.385334    16.2828   4.384897     1.8888     1.8557    98.5187     0.0597     4.6602 5.8516e-02      0.123     3.8145      98.63      0.971          0          1    162.535    160.949         28    34.6355    25.4078    16.2590    34.6350    25.4083    16.2551 0.0000e+00
      18238    173.000    174.245    16.2566   4.382350    16.2590   4.382609     1.8874     1.8528    98.5658     0.0578     4.6624 5.7458e-02      0.123     3.8302      98.63      0.868          0          1    162.289    160.655         26    34.6349    25.4143    16.2288    34.6351    25.4139    16.2312 0.0000e+00
      18263    174.000    175.253    16.2038   4.376907    16.2045   4.376891     1.8832     1.8497    98.6441     0.0546     4.6661 5.5022e-02      0.122     3.8141      98.63      0.926          0          1    161.295    159.998         24    34.6322    25.4244    16.1759    34.6315    25.4237    16.1766 0.0000e+00
      18285    175.000    176.261    16.0064   4.356168    16.0165   4.356408     1.8755     1.8430    98.7176     0.0516     4.6696 5.2911e-02      0.122     3.8354      98.63      1.031          0          1    160.655    159.295         21    34.6197    25.4600    15.9786    34.6131    25.4525    15.9887 0.0000e+00
      18306    176.000    177.268    15.6984   4.324515    15.7044   4.324282     1.8674     1.8359    98.7719     0.0494     4.6722 5.0747e-02      0.117     3.8268      98.63      1.112          0          1    160.568    159.344         22    34.6061    25.5192    15.6708    34.5988    25.5122    15.6768 0.0000e+00
      18329    177.000    178.276    15.4803   4.301833    15.4812   4.301346     1.8591     1.8281    98.8011     0.0482     4.6735 5.0061e-02      0.096     3.8554      98.63      1.109          0          1    160.438    159.198         23    34.5935    25.5584    15.4528    34.5883    25.5542    15.4537 0.0000e+00
      18354    178.000    179.283    15.3024   4.283441    15.3042   4.283348     1.8505     1.8200    98.8275     0.0472     4.6748 4.8819e-02      0.091     3.8758      98.63      1.016          0          1    159.647    158.307         26    34.5838    25.5904    15.2750    34.5813    25.5882    15.2768 0.0000e+00
      18380    179.000    180.291    15.0911   4.260859    15.0961   4.260484     1.8370     1.8071    98.8109     0.0478     4.6740 4.8840e-02      0.101     3.8916      98.63      0.934          0          1    158.008    156.917         26    34.5653    25.6228    15.0638    34.5575    25.6156    15.0688 0.0000e+00
      18405    180.000    181.299    14.6399   4.214585    14.6440   4.214054     1.8223     1.7938    98.8112     0.0478     4.6740 4.8323e-02      0.103     3.9229      98.63      0.945          0          1    157.725    156.581         24    34.5426    25.7033    14.6130    34.5341    25.6959    14.6171 0.0000e+00
      18427    181.000    182.306    14.4212   4.192053    14.4262   4.191788     1.8113     1.7822    98.8112     0.0478     4.6740 4.6961e-02      0.098     3.9453      98.63      1.020          0          1    157.516    156.217         22    34.5298    25.7403    14.3944    34.5229    25.7339    14.3994 0.0000e+00
      18449    182.000    183.314    14.2763   4.177206    14.2797   4.176923     1.8024     1.7736    98.8112     0.0478     4.6740 4.6398e-02      0.098     4.0091      98.63      1.105          0          1    157.356    156.029         20    34.5217    25.7648    14.2496    34.5161    25.7598    14.2530 0.0000e+00
      18470    183.000    184.322    14.1833   4.167747    14.1858   4.167609     1.7958     1.7662    98.7864     0.0489     4.6729 4.6398e-02      0.096     4.0903      98.63      1.146          0          1    157.081    155.591         23    34.5169    25.7808    14.1566    34.5134    25.7776    14.1590 0.0000e+00
      18494    184.000    185.329    14.0904   4.157930    14.0929   4.157782     1.7880     1.7577    98.8296     0.0471     4.6749 4.6398e-02      0.092     4.1667      98.63      1.067          0          1    156.161    154.660         26    34.5086    25.7940    14.0636    34.5050    25.7907    14.0661 0.0000e+00
      18522    185.000    186.337    13.7924   4.126849    13.7949   4.126606     1.7768     1.7471    98.9010     0.0442     4.6783 4.6398e-02      0.087     4.1959      98.63      0.922          0          1    155.648    154.432         28    34.4862    25.8388    13.7659    34.4817    25.8348    13.7684 0.0000e+00
      18550    186.000    187.345    13.4851   4.095073    13.4871   4.094707     1.7672     1.7383    98.9470     0.0423     4.6804 4.5245e-02      0.080     4.1774      98.63      0.858          0          1    155.813    154.459         27    34.4648    25.8854    13.4588    34.4595    25.8810    13.4608 0.0000e+00
      18575    187.000    188.352    13.1498   4.059962    13.1574   4.059949     1.7598     1.7305    99.1290     0.0350     4.6890 4.4289e-02      0.065     4.1428      98.63      0.908          0          1    156.369    155.038         25    34.4361    25.9312    13.1238    34.4291    25.9242    13.1314 0.0000e+00
      18599    188.000    189.360    12.9171   4.036276    12.9193   4.035990     1.7556     1.7267    99.2308     0.0309     4.6938 4.2024e-02      0.054     4.1213      73.08      0.973          0          1    157.144    155.738         24    34.4219    25.9667    12.8913    34.4172    25.9626    12.8935 0.0000e+00
      18623    189.000    190.368    12.8755   4.032027    12.8766   4.031891     1.7534     1.7232    99.3199     0.0273     4.6980 4.1520e-02      0.049     4.1466      11.58      1.019          0          1    157.028    155.470         23    34.4189    25.9726    12.8496    34.4166    25.9706    12.8507 0.0000e+00
      18645    190.000    191.376    12.8334   4.027749    12.8341   4.027582     1.7495     1.7200    99.3798     0.0249     4.7009 4.0517e-02      0.048     4.1471      10.85      1.054          0          1    156.826    155.379         21    34.4160    25.9787    12.8075    34.4137    25.9768    12.8082 0.0000e+00
      18667    191.000    192.383    12.7821   4.022566    12.7825   4.022520     1.7486     1.7182    99.3793     0.0249     4.7009 4.1136e-02      0.043     4.1532      10.85      1.096          0          1    157.255    155.656         22    34.4127    25.9864    12.7561    34.4119    25.9857    12.7565 0.0000e+00
      18689    192.000    193.391    12.7621   4.020625    12.7623   4.020630     1.7480     1.7174    99.3911     0.0244     4.7014 4.1516e-02      0.043     4.1859      91.72      1.116          0          1    157.273    155.768         22    34.4120    25.9898    12.7360    34.4119    25.9896    12.7362 0.0000e+00
      18713    193.000    194.399    12.7376   4.018228    12.7398   4.018464     1.7468     1.7167    99.4052     0.0239     4.7021 4.0621e-02      0.039     4.1943      98.63      1.074          0          1    157.227    155.769         26    34.4110    25.9938    12.7114    34.4112    25.9936    12.7136 0.0000e+00
      18741    194.000    195.406    12.6948   4.014047    12.6948   4.014143     1.7454     1.7155    99.4052     0.0239     4.7021 4.0297e-02      0.037     4.2293      98.63      0.908          0          1    157.029    155.721         32    34.4096    26.0012    12.6685    34.4105    26.0019    12.6685 0.0000e+00
      18780    195.000    196.414    12.6593   4.010689    12.6611   4.010936     1.7418     1.7127    99.3958     0.0243     4.7017 4.0293e-02      0.047     4.2829      98.63      0.662          0          1    156.599    155.259         46    34.4094    26.0080    12.6329    34.4101    26.0082    12.6347 0.0000e+00
      18825    196.000    197.422    12.6143   4.006245    12.6159   4.006508     1.7385     1.7093    99.3931     0.0244     4.7015 4.0293e-02      0.039     4.2057      98.63      0.514          0          1    156.526    155.218         39    34.4074    26.0153    12.5878    34.4085    26.0159    12.5894 0.0000e+00
      18859    197.000    198.430    12.6040   4.005380    12.6050   4.005681     1.7364     1.7080    99.4310     0.0228     4.7033 4.0293e-02      0.039     4.1538      29.54      0.685          0          1    156.246    155.135         32    34.4081    26.0179    12.5774    34.4101    26.0193    12.5784 0.0000e+00
      18892    198.000    199.437    12.5981   4.004904    12.5987   4.005220     1.7341     1.7067    99.4159     0.0234     4.7026 4.0850e-02      0.048     4.1900      70.93      0.736          0          1    156.017    155.095         38    34.4085    26.0194    12.5714    34.4110    26.0212    12.5720 0.0000e+00
      18941    199.000    200.445    12.5952   4.004719    12.5953   4.005014     1.7317     1.7056    99.4230     0.0231     4.7029 4.1548e-02      0.041     4.3443      72.94      0.494          0          1    156.036    155.031         59    34.4090    26.0203    12.5684    34.4117    26.0225    12.5685 0.0000e+00
      19001    200.000    201.453    12.5862   4.003899    12.5842   4.004009     1.7313     1.7045    99.4180     0.0234     4.7027 4.0869e-02      0.045     4.4832      90.28      0.411          0          1    155.929    154.839         61    34.4089    26.0221    12.5592    34.4118    26.0247    12.5572 0.0000e+00
      19064    201.000    202.460    12.5720   4.002529    12.5713   4.002816     1.7291     1.7018    99.4567     0.0218     4.7045 4.1445e-02      0.038     4.4851      74.54      0.375          0          1    155.704    154.650         61    34.4083    26.0244    12.5449    34.4117    26.0272    12.5442 0.0000e+00
      19124    202.000    203.468    12.5719   4.002568    12.5715   4.002910     1.7275     1.7014    99.4553     0.0219     4.7044 4.0781e-02      0.040     4.5005      97.51      0.404          0          1    155.580    154.685         67    34.4083    26.0245    12.5447    34.4120    26.0274    12.5443 0.0000e+00
      19479    203.000    204.476    12.5737   4.002668    12.5713   4.002884     1.7246     1.6996    99.4510     0.0220     4.7042 4.0598e-02      0.039     4.6058      97.45      0.218          0          1    155.208    154.490        143    34.4072    26.0233    12.5463    34.4115    26.0271    12.5439 0.0000e+00
