CTDdata/C13M001.cnv
* Sea-Bird SBE 9 Data File:
* FileName = C:\MR1703C\CTDdata\C13M001.hdr
* Software Version Seasave V 7.23.2
* Temperature SN = 031464
* Conductivity SN = 041203
* Number of Bytes Per Scan = 41
* Number of Voltage Words = 4
* Number of Scans Averaged by the Deck Unit = 1
* NMEA Latitude = 29 00.21 N
* NMEA Longitude = 127 20.33 E
* NMEA UTC (Time) = Jun 04 2017 23:24:17
* NMEA baud rate = 4800
** Cruise: MR17-03C
** Station: C13
** Bottom Depth [m]: 846.0
** Operator: R.Kobayashi
# nquan = 29                                
# nvalues = 1664                        
# units = specified
# name 0 = scan: Scan Count
# name 1 = depSM: Depth [salt water, m]
# name 2 = prDM: Pressure, Digiquartz [db]
# name 3 = t090C: Temperature [ITS-90, deg C]
# name 4 = c0S/m: Conductivity [S/m]
# name 5 = t190C: Temperature, 2 [ITS-90, deg C]
# name 6 = c1S/m: Conductivity, 2 [S/m]
# name 7 = sbeox0V: Oxygen raw, SBE 43 [V]
# name 8 = sbeox1V: Oxygen raw, SBE 43, 2 [V]
# name 9 = CStarTr0: Beam Transmission, WET Labs C-Star [%]
# name 10 = CStarAt0: Beam Attenuation, WET Labs C-Star [1/m]
# name 11 = v4: Voltage 4
# name 12 = flSP: Fluorescence, Seapoint
# name 13 = seaTurbMtr: Turbidity, Seapoint [FTU]
# name 14 = wetCDOM: Fluorescence, WET Labs CDOM [mg/m^3]
# name 15 = altM: Altimeter [m]
# name 16 = dz/dtM: Descent Rate [m/s]
# name 17 = modError: Modulo Error Count
# name 18 = pumps: Pump Status
# name 19 = sbeox0Mm/Kg: Oxygen, SBE 43 [umol/kg], WS = 2
# name 20 = sbeox1Mm/Kg: Oxygen, SBE 43, 2 [umol/kg], WS = 2
# name 21 = nbin: number of scans per bin
# name 22 = sal00: Salinity, Practical [PSU]
# name 23 = sigma-é00: Density [sigma-theta, kg/m^3]
# name 24 = potemp090C: Potential Temperature [ITS-90, deg C]
# name 25 = sal11: Salinity, Practical, 2 [PSU]
# name 26 = sigma-é11: Density, 2 [sigma-theta, kg/m^3]
# name 27 = potemp190C: Potential Temperature, 2 [ITS-90, deg C]
# name 28 = flag: flag
# span 0 =      13263,      86425       
# span 1 =      1.000,    834.000       
# span 2 =      1.007,    841.352       
# span 3 =     5.2192,    25.7621       
# span 4 =   3.348245,   5.328107       
# span 5 =     5.2204,    25.7629       
# span 6 =   3.348595,   5.328419       
# span 7 =     0.9731,     2.6031       
# span 8 =     0.9514,     2.5501       
# span 9 =    96.6799,    99.7924       
# span 10 =     0.0083,     0.1351      
# span 11 =     4.5732,     4.7204      
# span 12 = 4.0082e-02, 1.3556e+00      
# span 13 =      0.031,      0.228      
# span 14 =    -0.8652,    33.6504      
# span 15 =      -0.24,     100.60      
# span 16 =     -1.310,      1.280      
# span 17 =          0,          0      
# span 18 =          1,          1      
# span 19 =     76.350,    215.875      
# span 20 =     76.345,    213.855      
# span 21 =         18,        255      
# span 22 =    34.0947,    34.7334      
# span 23 =    22.7828,    27.1601      
# span 24 =     5.1488,    25.7614      
# span 25 =    34.0965,    34.7326      
# span 26 =    22.7839,    27.1622      
# span 27 =     5.1500,    25.7622      
# span 28 = 0.0000e+00, 0.0000e+00      
# interval = meters: 1                  
# start_time = Jun 04 2017 23:24:17 [NMEA time, header]
# bad_flag = -9.990e-29
*END*
[from data line 1451]
      70492    213.000    214.554    12.4970   3.994871    12.4952   3.994814     1.7061     1.6869    99.7156     0.0114     4.7167 4.1495e-02      0.038     4.9443      98.63     -0.613          0          1    153.628    153.508         43    34.3982    26.0315    12.4684    34.3993    26.0327    12.4666 0.0000e+00
      70537    212.000    213.546    12.4972   3.994810    12.4959   3.994812     1.7072     1.6875    99.7303     0.0108     4.7174 4.0483e-02      0.037     4.8709      98.63     -0.525          0          1    153.590    153.441         41    34.3978    26.0312    12.4687    34.3990    26.0323    12.4674 0.0000e+00
      70572    211.000    212.538    12.4990   3.994941    12.4972   3.994884     1.7070     1.6879    99.7409     0.0104     4.7179 4.0981e-02      0.039     4.8994      98.63     -0.672          0          1    153.442    153.530         32    34.3979    26.0308    12.4707    34.3989    26.0320    12.4689 0.0000e+00
      70605    210.000    211.531    12.5059   3.995584    12.5035   3.995471     1.7074     1.6885    99.7409     0.0104     4.7179 4.0307e-02      0.038     4.8875      98.63     -0.731          0          1    153.618    153.561         37    34.3981    26.0297    12.4777    34.3993    26.0310    12.4753 0.0000e+00
      70649    209.000    210.523    12.5102   3.995947    12.5082   3.995850     1.7079     1.6888    99.7409     0.0104     4.7179 4.0502e-02      0.039     4.8573      98.63     -0.572          0          1    153.553    153.529         51    34.3981    26.0288    12.4821    34.3990    26.0299    12.4801 0.0000e+00
      70702    208.000    209.515    12.5201   3.996874    12.5150   3.996462     1.7084     1.6892    99.7415     0.0104     4.7179 4.1464e-02      0.039     4.9019      98.63     -0.444          0          1    153.681    153.509         47    34.3984    26.0271    12.4921    34.3991    26.0286    12.4871 0.0000e+00
      70744    207.000    208.507    12.5252   3.997330    12.5235   3.997291     1.7094     1.6893    99.7669     0.0093     4.7192 4.1515e-02      0.040     4.8960      98.63     -0.563          0          1    153.697    153.535         41    34.3986    26.0262    12.4974    34.3997    26.0274    12.4957 0.0000e+00
      70790    206.000    207.500    12.5378   3.998585    12.5345   3.998371     1.7097     1.6909    99.7535     0.0099     4.7185 4.1335e-02      0.044     4.8817      98.63     -0.540          0          1    153.676    153.886         53    34.3995    26.0244    12.5101    34.4005    26.0258    12.5068 0.0000e+00
      70844    205.000    206.492    12.5446   3.999205    12.5436   3.999201     1.7108     1.6925    99.7536     0.0099     4.7185 4.0279e-02      0.038     4.8906      98.63     -0.436          0          1    153.874    153.783         51    34.3997    26.0232    12.5170    34.4006    26.0241    12.5160 0.0000e+00
      70889    204.000    205.484    12.5469   3.999378    12.5446   3.999259     1.7119     1.6926    99.7410     0.0104     4.7179 4.0293e-02      0.039     4.9195      98.63     -0.531          0          1    153.911    153.778         42    34.3997    26.0227    12.5195    34.4006    26.0239    12.5172 0.0000e+00
      70940    203.000    204.476    12.5511   3.999739    12.5500   3.999730     1.7126     1.6927    99.7471     0.0101     4.7182 4.0662e-02      0.034     4.9164      98.63     -0.482          0          1    153.944    153.774         61    34.3997    26.0219    12.5238    34.4007    26.0228    12.5227 0.0000e+00
      71013    202.000    203.468    12.5484   3.999389    12.5427   3.998957     1.7132     1.6931    99.7484     0.0101     4.7183 4.0629e-02      0.036     4.9452      98.63     -0.299          0          1    154.014    153.837         76    34.3993    26.0220    12.5212    34.4003    26.0240    12.5155 0.0000e+00
      71082    201.000    202.461    12.5498   3.999544    12.5462   3.999264     1.7136     1.6936    99.7544     0.0098     4.7186 4.1321e-02      0.037     4.9414      98.63     -0.369          0          1    153.992    153.821         70    34.3999    26.0222    12.5228    34.4005    26.0234    12.5192 0.0000e+00
      71153    200.000    201.453    12.5702   4.001608    12.5682   4.001501     1.7146     1.6946    99.7447     0.0102     4.7181 4.0271e-02      0.038     4.9741      98.63     -0.333          0          1    154.127    154.046         65    34.4015    26.0195    12.5433    34.4023    26.0205    12.5413 0.0000e+00
      71493    199.000    200.445    12.5805   4.002661    12.5821   4.002884     1.7172     1.6968    99.7394     0.0105     4.7178 4.0807e-02      0.037     4.9636      98.63     -0.203          0          1    154.429    154.084        143    34.4026    26.0183    12.5537    34.4033    26.0185    12.5553 0.0000e+00
      73119    198.000    199.437    12.5861   4.003298    12.5860   4.003300     1.7196     1.6990    99.7156     0.0114     4.7167 4.1009e-02      0.037     4.9849      98.63     -0.552          0          1    154.598    154.390         39    34.4041    26.0183    12.5594    34.4042    26.0184    12.5593 0.0000e+00
      73198    197.000    198.430    12.5943   4.004044    12.5938   4.004019     1.7212     1.6993    99.7055     0.0118     4.7163 4.0887e-02      0.040     4.9952      98.63     -0.500          0          1    154.873    154.301         60    34.4041    26.0167    12.5677    34.4044    26.0170    12.5672 0.0000e+00
      73255    196.000    197.422    12.5982   4.004415    12.5988   4.004516     1.7217     1.6993    99.7158     0.0114     4.7167 4.0250e-02      0.043     4.9865      98.63     -0.402          0          1    154.746    154.338         43    34.4046    26.0163    12.5718    34.4050    26.0165    12.5724 0.0000e+00
      73289    195.000    196.414    12.6042   4.005017    12.6070   4.005365     1.7219     1.7002    99.7151     0.0114     4.7167 4.1021e-02      0.043     4.9723      98.63     -0.663          0          1    154.852    154.567         32    34.4053    26.0156    12.5779    34.4061    26.0157    12.5807 0.0000e+00
      73331    194.000    195.407    12.6203   4.006662    12.6295   4.007534     1.7228     1.7020    99.6924     0.0123     4.7156 4.0802e-02      0.037     4.9607      98.63     -0.583          0          1    154.912    154.685         56    34.4068    26.0136    12.5941    34.4068    26.0118    12.6033 0.0000e+00
      73378    193.000    194.399    12.6456   4.009304    12.6546   4.010304     1.7240     1.7035    99.6987     0.0120     4.7159 4.1432e-02      0.039     4.9571      98.63     -0.499          0          1    155.017    154.873         35    34.4095    26.0107    12.6195    34.4108    26.0100    12.6285 0.0000e+00
      73414    192.000    193.391    12.6796   4.012772    12.6796   4.012855     1.7269     1.7065    99.7156     0.0114     4.7167 4.0907e-02      0.038     4.9382      98.63     -0.677          0          1    155.714    155.309         33    34.4121    26.0061    12.6536    34.4129    26.0067    12.6536 0.0000e+00
      73449    191.000    192.383    12.7421   4.018959    12.7509   4.020016     1.7311     1.7092    99.7151     0.0114     4.7167 4.0903e-02      0.037     4.9017      98.63     -0.715          0          1    155.913    155.468         38    34.4147    25.9958    12.7161    34.4168    25.9957    12.7249 0.0000e+00
      73485    190.000    191.376    12.7710   4.021959    12.7835   4.023231     1.7338     1.7129    99.6976     0.0121     4.7159 4.1534e-02      0.038     4.8992      98.63     -0.642          0          1    155.944    155.784         32    34.4175    25.9922    12.7451    34.4182    25.9903    12.7576 0.0000e+00
      73513    189.000    190.368    12.8096   4.026053    12.8174   4.027070     1.7360     1.7150    99.6583     0.0137     4.7141 4.1514e-02      0.046     4.8690      98.63     -0.805          0          1    156.143    155.766         26    34.4219    25.9879    12.7838    34.4245    25.9884    12.7916 0.0000e+00
      73538    188.000    189.360    12.8837   4.033738    12.8974   4.035283     1.7377     1.7164    99.6037     0.0159     4.7114 4.1514e-02      0.053     4.8559      98.63     -0.925          0          1    156.001    155.601         26    34.4281    25.9781    12.8580    34.4304    25.9772    12.8716 0.0000e+00
      73566    187.000    188.352    12.9312   4.038713    12.9382   4.039548     1.7394     1.7180    99.5860     0.0166     4.7106 4.1514e-02      0.058     4.8641      98.63     -0.907          0          1    156.209    155.803         29    34.4328    25.9723    12.9055    34.4343    25.9721    12.9125 0.0000e+00
      73595    186.000    187.345    13.0488   4.051095    13.0414   4.050631     1.7434     1.7210    99.5159     0.0194     4.7073 4.1514e-02      0.062     4.8816      98.63     -0.835          0          1    156.607    156.016         31    34.4441    25.9575    13.0231    34.4464    25.9608    13.0157 0.0000e+00
      73628    185.000    186.337    13.1905   4.065972    13.1969   4.066888     1.7481     1.7250    99.4809     0.0208     4.7056 4.2630e-02      0.070     4.8777      98.63     -0.757          0          1    156.563    156.050         33    34.4570    25.9391    13.1648    34.4599    25.9401    13.1712 0.0000e+00
      73660    184.000    185.329    13.3324   4.080919    13.3757   4.085795     1.7535     1.7303    99.3145     0.0275     4.6978 4.3536e-02      0.075     4.8490      98.63     -0.729          0          1    157.481    156.709         31    34.4702    25.9207    13.3066    34.4771    25.9172    13.3499 0.0000e+00
      73691    183.000    184.322    13.7982   4.130367    13.8159   4.133161     1.7628     1.7383    99.2200     0.0313     4.6933 4.4241e-02      0.079     4.8463      98.63     -0.799          0          1    156.963    156.136         30    34.5147    25.8596    13.7719    34.5248    25.8638    13.7896 0.0000e+00
      73719    182.000    183.314    14.1125   4.161875    14.1330   4.164472     1.7684     1.7427    99.1729     0.0332     4.6911 4.6302e-02      0.084     4.8228      98.63     -0.820          0          1    156.184    155.209         28    34.5263    25.8029    14.0860    34.5320    25.8030    14.1065 0.0000e+00
      73746    181.000    182.306    14.2289   4.174044    14.2353   4.175202     1.7724     1.7460    99.1337     0.0348     4.6892 4.7408e-02      0.085     4.7892      98.63     -0.880          0          1    156.323    155.274         27    34.5352    25.7853    14.2024    34.5402    25.7878    14.2088 0.0000e+00
      73775    180.000    181.299    14.3197   4.183721    14.3165   4.182826     1.7787     1.7509    99.1212     0.0353     4.6886 4.7409e-02      0.085     4.7599      98.63     -0.875          0          1    157.417    156.340         29    34.5439    25.7727    14.2932    34.5385    25.7692    14.2900 0.0000e+00
      73803    179.000    180.291    14.5421   4.206394    14.5212   4.205543     1.7907     1.7618    99.1340     0.0348     4.6892 4.8404e-02      0.085     4.7605      98.63     -0.831          0          1    159.111    157.842         28    34.5548    25.7337    14.5155    34.5656    25.7465    14.4946 0.0000e+00
      73830    178.000    179.284    15.0228   4.257071    14.9685   4.252659     1.8048     1.7741    99.1470     0.0343     4.6899 4.9286e-02      0.085     4.7312      98.63     -0.876          0          1    158.822    157.874         25    34.5916    25.6580    14.9957    34.5996    25.6760    14.9415 0.0000e+00
      73855    177.000    178.276    15.1564   4.269785    15.1380   4.268275     1.8136     1.7850    99.1469     0.0343     4.6899 4.9670e-02      0.085     4.6947      98.63     -0.954          0          1    159.218    158.671         25    34.5894    25.6269    15.1293    34.5919    25.6329    15.1109 0.0000e+00
      73880    176.000    177.268    15.2617   4.281394    15.2742   4.283478     1.8246     1.7967    99.1469     0.0343     4.6899 4.9808e-02      0.089     4.6657      98.63     -0.971          0          1    160.835    159.866         24    34.6019    25.6134    15.2346    34.6097    25.6166    15.2471 0.0000e+00
      73903    175.000    176.261    15.5615   4.312614    15.5563   4.313228     1.8384     1.8095    99.1253     0.0352     4.6888 5.0064e-02      0.098     4.6356      98.63     -1.001          0          1    161.398    160.603         23    34.6198    25.5605    15.5342    34.6299    25.5694    15.5290 0.0000e+00
      73927    174.000    175.253    15.8883   4.346150    15.8804   4.346431     1.8484     1.8209    99.0683     0.0374     4.6861 5.1080e-02      0.098     4.6088      98.63     -1.040          0          1    160.989    160.413         24    34.6340    25.4978    15.8608    34.6435    25.5068    15.8529 0.0000e+00
      73952    173.000    174.245    16.0265   4.360290    16.0189   4.360056     1.8577     1.8300    98.9824     0.0409     4.6821 5.2229e-02      0.098     4.5803      98.63     -1.004          0          1    161.354    160.572         26    34.6396    25.4706    15.9990    34.6442    25.4759    15.9914 0.0000e+00
      73979    172.000    173.238    16.1721   4.375238    16.1571   4.374219     1.8650     1.8377    98.9549     0.0421     4.6808 5.4546e-02      0.105     4.5440      80.33     -0.918          0          1    161.281    160.850         27    34.6458    25.4420    16.1446    34.6498    25.4486    16.1296 0.0000e+00
      74005    171.000    172.230    16.2716   4.385320    16.2672   4.385412     1.8704     1.8446    98.9136     0.0437     4.6789 5.5503e-02      0.110     4.4982      39.64     -0.905          0          1    161.408    161.121         25    34.6489    25.4215    16.2441    34.6535    25.4261    16.2397 0.0000e+00
      74028    170.000    171.223    16.3460   4.392736    16.3402   4.392607     1.8742     1.8498    98.9236     0.0433     4.6793 5.6177e-02      0.110     4.4649      99.55     -0.976          0          1    161.551    161.250         23    34.6501    25.4053    16.3186    34.6540    25.4096    16.3128 0.0000e+00
      74051    169.000    170.215    16.4205   4.400401    16.4155   4.400344     1.8787     1.8531    98.9405     0.0426     4.6801 5.7779e-02      0.106     4.4199      98.63     -1.040          0          1    161.910    161.221         23    34.6535    25.3906    16.3932    34.6573    25.3947    16.3882 0.0000e+00
      74075    168.000    169.207    16.4749   4.405973    16.4634   4.405087     1.8833     1.8570    98.9327     0.0429     4.6797 5.8614e-02      0.111     4.4182      98.63     -1.045          0          1    162.456    161.777         24    34.6558    25.3797    16.4477    34.6579    25.3840    16.4362 0.0000e+00
      74098    167.000    168.200    16.5822   4.417495    16.5423   4.413722     1.8897     1.8625    98.8686     0.0455     4.6767 5.8608e-02      0.116     4.3966      98.63     -1.033          0          1    162.769    162.311         23    34.6645    25.3614    16.5550    34.6659    25.3718    16.5151 0.0000e+00
      74120    166.000    167.192    16.7426   4.433668    16.6883   4.428741     1.8937     1.8676    98.8262     0.0472     4.6747 5.8608e-02      0.116     4.3899      98.63     -1.062          0          1    162.550    162.319         21    34.6680    25.3266    16.7154    34.6718    25.3422    16.6611 0.0000e+00
      74140    165.000    166.184    16.7806   4.437383    16.7700   4.436857     1.8977     1.8716    98.8038     0.0481     4.6736 5.9391e-02      0.120     4.3839      98.63     -1.135          0          1    162.947    162.348         20    34.6681    25.3177    16.7535    34.6726    25.3237    16.7429 0.0000e+00
