CTDdata/C16M001.cnv
* Sea-Bird SBE 9 Data File:
* FileName = C:\MR1703C\CTDdata\C16M001.hdr
* Software Version Seasave V 7.23.2
* Temperature SN = 031464
* Conductivity SN = 041203
* Number of Bytes Per Scan = 41
* Number of Voltage Words = 4
* Number of Scans Averaged by the Deck Unit = 1
* NMEA Latitude = 28 59.99 N
* NMEA Longitude = 129 01.83 E
* NMEA UTC (Time) = Jun 05 2017 22:57:58
* NMEA baud rate = 4800
** Cruise: MR17-03C
** Station: C16
** Bottom Depth [m]: 834.0
** Operator: R.Kobayashi
# nquan = 29                                
# nvalues = 1649                        
# units = specified
# name 0 = scan: Scan Count
# name 1 = depSM: Depth [salt water, m]
# name 2 = prDM: Pressure, Digiquartz [db]
# name 3 = t090C: Temperature [ITS-90, deg C]
# name 4 = c0S/m: Conductivity [S/m]
# name 5 = t190C: Temperature, 2 [ITS-90, deg C]
# name 6 = c1S/m: Conductivity, 2 [S/m]
# name 7 = sbeox0V: Oxygen raw, SBE 43 [V]
# name 8 = sbeox1V: Oxygen raw, SBE 43, 2 [V]
# name 9 = CStarTr0: Beam Transmission, WET Labs C-Star [%]
# name 10 = CStarAt0: Beam Attenuation, WET Labs C-Star [1/m]
# name 11 = v4: Voltage 4
# name 12 = flSP: Fluorescence, Seapoint
# name 13 = seaTurbMtr: Turbidity, Seapoint [FTU]
# name 14 = wetCDOM: Fluorescence, WET Labs CDOM [mg/m^3]
# name 15 = altM: Altimeter [m]
# name 16 = dz/dtM: Descent Rate [m/s]
# name 17 = modError: Modulo Error Count
# name 18 = pumps: Pump Status
# name 19 = sbeox0Mm/Kg: Oxygen, SBE 43 [umol/kg], WS = 2
# name 20 = sbeox1Mm/Kg: Oxygen, SBE 43, 2 [umol/kg], WS = 2
# name 21 = nbin: number of scans per bin
# name 22 = sal00: Salinity, Practical [PSU]
# name 23 = sigma-é00: Density [sigma-theta, kg/m^3]
# name 24 = potemp090C: Potential Temperature [ITS-90, deg C]
# name 25 = sal11: Salinity, Practical, 2 [PSU]
# name 26 = sigma-é11: Density, 2 [sigma-theta, kg/m^3]
# name 27 = potemp190C: Potential Temperature, 2 [ITS-90, deg C]
# name 28 = flag: flag
# span 0 =      14591,      85514       
# span 1 =      1.000,    826.000       
# span 2 =      1.007,    833.265       
# span 3 =     5.6668,    25.3981       
# span 4 =   3.386366,   5.309537       
# span 5 =     5.6665,    25.3984       
# span 6 =   3.386681,   5.309792       
# span 7 =     1.0115,     2.5793       
# span 8 =     0.9892,     2.5187       
# span 9 =    96.7110,    99.8959       
# span 10 =     0.0042,     0.1336      
# span 11 =     4.5747,     4.7253      
# span 12 = 3.6618e-02, 7.7736e-01      
# span 13 =      0.024,      0.206      
# span 14 =    -0.6674,   250.3054      
# span 15 =      -2.73,     102.38      
# span 16 =     -1.484,      1.340      
# span 17 =          0,          0      
# span 18 =          1,          1      
# span 19 =     81.635,    205.250      
# span 20 =     81.503,    203.895      
# span 21 =         16,        207      
# span 22 =    34.2787,    35.0231      
# span 23 =    23.0004,    27.0929      
# span 24 =     5.5944,    25.3974      
# span 25 =    34.2792,    35.0256      
# span 26 =    23.0010,    27.0959      
# span 27 =     5.5941,    25.3977      
# span 28 = 0.0000e+00, 0.0000e+00      
# interval = meters: 1                  
# start_time = Jun 05 2017 22:57:58 [NMEA time, header]
# bad_flag = -9.990e-29
*END*
[from data line 1201]
      60311    448.000    451.527    14.1121   4.170405    14.1134   4.170599     1.8462     1.8221    99.8184     0.0073     4.7216 3.9072e-02      0.024     5.5170      98.63     -1.255          0          1    170.828    170.465         19    34.4977    25.7892    14.0462    34.4984    25.7894    14.0475 0.0000e+00
      60330    447.000    450.518    14.1143   4.170564    14.1155   4.170749     1.8464     1.8234    99.8358     0.0066     4.7224 3.9072e-02      0.024     5.5048      98.63     -1.272          0          1    170.823    170.391         19    34.4976    25.7887    14.0486    34.4983    25.7889    14.0498 0.0000e+00
      60349    446.000    449.509    14.1161   4.170691    14.1160   4.170739     1.8474     1.8238    99.8441     0.0062     4.7228 3.9072e-02      0.024     5.4922      98.63     -1.276          0          1    170.857    170.274         19    34.4976    25.7882    14.0505    34.4981    25.7887    14.0504 0.0000e+00
      60368    445.000    448.500    14.1156   4.170589    14.1159   4.170676     1.8471     1.8239    99.8442     0.0062     4.7228 3.9072e-02      0.024     5.5003      98.63     -1.259          0          1    170.653    170.173         20    34.4975    25.7882    14.0502    34.4980    25.7886    14.0505 0.0000e+00
      60388    444.000    447.491    14.1159   4.170575    14.1160   4.170625     1.8470     1.8237    99.8442     0.0062     4.7228 3.9072e-02      0.024     5.5102      98.63     -1.242          0          1    170.715    170.248         19    34.4975    25.7881    14.0506    34.4979    25.7884    14.0507 0.0000e+00
      60407    443.000    446.482    14.1178   4.170720    14.1183   4.170844     1.8475     1.8245    99.8442     0.0062     4.7228 3.9004e-02      0.024     5.5109      98.63     -1.251          0          1    170.977    170.481         18    34.4976    25.7877    14.0527    34.4983    25.7882    14.0532 0.0000e+00
      60424    442.000    445.473    14.1292   4.171918    14.1314   4.172246     1.8488     1.8254    99.8260     0.0070     4.7220 3.8497e-02      0.024     5.5190      98.63     -1.311          0          1    171.238    170.573         17    34.4989    25.7863    14.0642    34.4999    25.7867    14.0664 0.0000e+00
      60441    441.000    444.464    14.1564   4.174743    14.1612   4.175430     1.8503     1.8266    99.8184     0.0073     4.7216 3.9071e-02      0.024     5.5267      98.63     -1.390          0          1    171.440    170.749         17    34.5011    25.7823    14.0914    34.5032    25.7829    14.0962 0.0000e+00
      60459    440.000    443.455    14.1896   4.178172    14.1911   4.178420     1.8526     1.8284    99.8257     0.0070     4.7219 3.9072e-02      0.024     5.5311      98.63     -1.410          0          1    171.730    171.032         18    34.5036    25.7773    14.1247    34.5046    25.7777    14.1262 0.0000e+00
      60477    439.000    442.446    14.2143   4.180711    14.2228   4.181823     1.8551     1.8309    99.8446     0.0062     4.7228 3.9072e-02      0.024     5.5371      98.63     -1.361          0          1    172.032    171.351         18    34.5055    25.7735    14.1495    34.5081    25.7737    14.1579 0.0000e+00
      60495    438.000    441.437    14.2447   4.183915    14.2569   4.185276     1.8581     1.8337    99.8442     0.0062     4.7228 3.9072e-02      0.024     5.5333      98.63     -1.333          0          1    172.363    171.488         18    34.5083    25.7693    14.1799    34.5100    25.7680    14.1921 0.0000e+00
      60515    437.000    440.428    14.2994   4.189471    14.3103   4.190912     1.8616     1.8358    99.8442     0.0062     4.7228 3.9072e-02      0.026     5.4987      98.63     -1.287          0          1    172.493    171.503         22    34.5113    25.7599    14.2346    34.5148    25.7604    14.2455 0.0000e+00
      60537    436.000    439.419    14.3346   4.193244    14.3416   4.194229     1.8646     1.8388    99.8442     0.0062     4.7228 3.9072e-02      0.024     5.4159      98.63     -1.163          0          1    172.542    171.818         22    34.5151    25.7554    14.2698    34.5179    25.7561    14.2768 0.0000e+00
      60559    435.000    438.410    14.3593   4.195629    14.3628   4.196111     1.8665     1.8414    99.8442     0.0062     4.7228 3.9072e-02      0.026     5.3784      98.63     -1.108          0          1    172.476    171.979         21    34.5155    25.7505    14.2946    34.5168    25.7507    14.2981 0.0000e+00
      60579    434.000    437.401    14.3750   4.197226    14.3755   4.197394     1.8679     1.8440    99.8442     0.0062     4.7228 3.9072e-02      0.024     5.3787      98.63     -1.144          0          1    172.488    172.110         20    34.5166    25.7480    14.3104    34.5177    25.7487    14.3109 0.0000e+00
      60600    433.000    436.392    14.3870   4.198418    14.3913   4.199028     1.8692     1.8453    99.8233     0.0071     4.7218 3.9072e-02      0.024     5.3791      98.63     -1.180          0          1    172.603    172.064         20    34.5173    25.7459    14.3225    34.5191    25.7464    14.3268 0.0000e+00
      60620    432.000    435.384    14.4034   4.200146    14.4102   4.200956     1.8704     1.8469    99.8184     0.0073     4.7216 3.9072e-02      0.024     5.3384      98.63     -1.200          0          1    172.702    172.310         20    34.5190    25.7437    14.3390    34.5204    25.7434    14.3458 0.0000e+00
      60639    431.000    434.375    14.4290   4.202818    14.4345   4.203437     1.8718     1.8491    99.8184     0.0073     4.7216 3.9072e-02      0.024     5.3118      98.63     -1.228          0          1    172.996    172.700         20    34.5212    25.7400    14.3647    34.5220    25.7394    14.3702 0.0000e+00
      60660    430.000    433.366    14.4717   4.207468    14.4970   4.210419     1.8752     1.8525    99.8184     0.0073     4.7216 3.9072e-02      0.024     5.2771      98.63     -1.200          0          1    173.746    173.176         22    34.5264    25.7349    14.4074    34.5310    25.7330    14.4326 0.0000e+00
      60683    429.000    432.357    14.6166   4.222537    14.6264   4.223937     1.8813     1.8574    99.8184     0.0073     4.7216 3.9072e-02      0.024     5.2290      98.63     -1.110          0          1    174.441    173.573         23    34.5363    25.7116    14.5520    34.5404    25.7126    14.5618 0.0000e+00
      60706    428.000    431.348    14.7034   4.231572    14.7215   4.233705     1.8887     1.8634    99.8306     0.0068     4.7222 3.9072e-02      0.024     5.1886      98.63     -1.068          0          1    175.014    174.109         23    34.5424    25.6976    14.6387    34.5458    25.6964    14.6568 0.0000e+00
      60729    427.000    430.339    14.7481   4.236011    14.7541   4.236780     1.8948     1.8694    99.8442     0.0062     4.7228 3.9072e-02      0.024     5.1568      98.63     -1.053          0          1    175.179    174.475         23    34.5437    25.6890    14.6835    34.5454    25.6890    14.6894 0.0000e+00
      60753    426.000    429.331    14.7620   4.237449    14.7663   4.238021     1.8993     1.8738    99.8399     0.0064     4.7226 3.8718e-02      0.024     5.1355      98.63     -1.016          0          1    175.316    174.723         24    34.5449    25.6869    14.6975    34.5463    25.6871    14.7017 0.0000e+00
      60779    425.000    428.322    14.7761   4.238806    14.7791   4.239244     1.9018     1.8779    99.8243     0.0070     4.7219 3.7859e-02      0.024     5.1251      98.63     -0.976          0          1    175.188    174.885         27    34.5452    25.6841    14.7117    34.5466    25.6844    14.7147 0.0000e+00
      60807    424.000    427.313    14.7813   4.239298    14.7815   4.239376     1.9035     1.8797    99.8440     0.0062     4.7228 3.8495e-02      0.024     5.1211      98.63     -0.892          0          1    175.277    174.619         30    34.5455    25.6831    14.7170    34.5460    25.6835    14.7172 0.0000e+00
      60840    423.000    426.304    14.7848   4.239559    14.7846   4.239617     1.9046     1.8793    99.8442     0.0062     4.7228 3.9070e-02      0.024     5.1026      98.63     -0.766          0          1    175.203    174.301         35    34.5452    25.6821    14.7207    34.5459    25.6827    14.7205 0.0000e+00
      60875    422.000    425.295    14.7852   4.239534    14.7852   4.239567     1.9052     1.8803    99.8442     0.0062     4.7228 3.9072e-02      0.024     5.0831      98.63     -0.688          0          1    175.200    174.805         36    34.5450    25.6818    14.7212    34.5453    25.6820    14.7212 0.0000e+00
      60911    421.000    424.286    14.7865   4.239559    14.7868   4.239650     1.9055     1.8821    99.8442     0.0062     4.7228 3.8747e-02      0.024     5.1056      98.63     -0.675          0          1    175.418    174.875         37    34.5445    25.6811    14.7227    34.5450    25.6815    14.7230 0.0000e+00
      60948    420.000    423.277    14.7948   4.240434    14.7967   4.240666     1.9088     1.8837    99.8442     0.0062     4.7228 3.8362e-02      0.024     5.0726      98.63     -0.654          0          1    175.897    175.028         36    34.5455    25.6801    14.7311    34.5459    25.6800    14.7330 0.0000e+00
      60983    419.000    422.269    14.8308   4.244106    14.8343   4.244572     1.9100     1.8849    99.8382     0.0065     4.7225 3.8461e-02      0.029     5.0595      98.63     -0.685          0          1    175.764    175.006         34    34.5475    25.6738    14.7671    34.5487    25.6739    14.7706 0.0000e+00
      61016    418.000    421.260    14.8483   4.245887    14.8493   4.246095     1.9124     1.8863    99.8441     0.0062     4.7228 3.7970e-02      0.026     5.0754      98.63     -0.725          0          1    176.116    175.215         32    34.5487    25.6709    14.7847    34.5497    25.6714    14.7857 0.0000e+00
      61047    417.000    420.251    14.8665   4.247719    14.8678   4.247940     1.9146     1.8890    99.8442     0.0062     4.7228 3.7973e-02      0.024     5.1316      98.63     -0.768          0          1    176.246    175.669         30    34.5497    25.6677    14.8030    34.5505    25.6681    14.8043 0.0000e+00
      61077    416.000    419.242    14.8902   4.250198    14.8951   4.250829     1.9162     1.8914    99.8382     0.0065     4.7225 3.8624e-02      0.024     5.1535      98.63     -0.797          0          1    176.352    175.712         30    34.5517    25.6641    14.8268    34.5531    25.6641    14.8317 0.0000e+00
      61107    415.000    418.233    14.9168   4.252941    14.9180   4.253167     1.9186     1.8937    99.8184     0.0073     4.7216 3.8854e-02      0.024     5.1581      98.63     -0.823          0          1    176.545    175.934         28    34.5535    25.6597    14.8535    34.5545    25.6602    14.8547 0.0000e+00
      61136    414.000    417.225    14.9352   4.254782    14.9360   4.254934     1.9203     1.8958    99.8256     0.0070     4.7219 3.7853e-02      0.024     5.1842      98.63     -0.829          0          1    176.676    176.081         32    34.5544    25.6563    14.8720    34.5551    25.6567    14.8728 0.0000e+00
      61170    413.000    416.216    14.9500   4.256280    14.9487   4.256239     1.9233     1.8981    99.8445     0.0062     4.7228 3.8770e-02      0.024     5.2010      98.63     -0.727          0          1    177.065    176.237         35    34.5553    25.6538    14.8869    34.5561    25.6547    14.8856 0.0000e+00
      61206    412.000    415.207    14.9624   4.257517    14.9617   4.257492     1.9252     1.9000    99.8442     0.0062     4.7228 3.8270e-02      0.024     5.1955      98.63     -0.682          0          1    176.909    176.344         38    34.5560    25.6516    14.8994    34.5564    25.6521    14.8987 0.0000e+00
      61244    411.000    414.198    14.9706   4.258312    14.9708   4.258392     1.9257     1.9010    99.8442     0.0062     4.7228 3.7846e-02      0.024     5.2336      98.63     -0.633          0          1    176.875    176.235         37    34.5564    25.6501    14.9078    34.5570    25.6505    14.9080 0.0000e+00
      61281    410.000    413.189    14.9751   4.258716    14.9746   4.258722     1.9269     1.9020    99.8442     0.0062     4.7228 3.7851e-02      0.024     5.2369      98.63     -0.664          0          1    177.187    176.383         37    34.5565    25.6491    14.9124    34.5570    25.6496    14.9119 0.0000e+00
      61319    409.000    412.181    14.9834   4.259595    14.9838   4.259665     1.9289     1.9026    99.8442     0.0062     4.7228 3.7851e-02      0.024     5.2582      98.63     -0.645          0          1    177.365    176.363         40    34.5576    25.6481    14.9208    34.5578    25.6482    14.9212 0.0000e+00
      61363    408.000    411.172    14.9963   4.260861    14.9956   4.260845     1.9303     1.9039    99.8442     0.0062     4.7228 3.8023e-02      0.024     5.2534      98.63     -0.549          0          1    177.301    176.567         49    34.5581    25.6457    14.9339    34.5585    25.6462    14.9332 0.0000e+00
      61412    407.000    410.163    15.0065   4.261908    15.0038   4.261639     1.9316     1.9053    99.8386     0.0064     4.7225 3.7850e-02      0.024     5.1977      98.63     -0.500          0          1    177.599    176.637         46    34.5590    25.6441    14.9442    34.5589    25.6446    14.9415 0.0000e+00
      61459    406.000    409.154    15.0158   4.262851    15.0155   4.262869     1.9337     1.9071    99.8194     0.0073     4.7216 3.8209e-02      0.024     5.1803      98.63     -0.514          0          1    177.561    176.881         48    34.5597    25.6426    14.9536    34.5601    25.6430    14.9533 0.0000e+00
      61506    405.000    408.145    15.0335   4.264660    15.0324   4.264564     1.9336     1.9093    99.8184     0.0073     4.7216 3.9074e-02      0.024     5.1079      98.63     -0.517          0          1    177.580    177.034         46    34.5609    25.6396    14.9714    34.5610    25.6400    14.9703 0.0000e+00
      61552    404.000    407.137    15.0377   4.265032    15.0376   4.265057     1.9355     1.9100    99.8289     0.0069     4.7221 3.7587e-02      0.024     5.1297      98.63     -0.528          0          1    177.771    176.958         50    34.5610    25.6387    14.9758    34.5613    25.6390    14.9757 0.0000e+00
      61619    403.000    406.128    15.0349   4.264663    15.0369   4.264874     1.9363     1.9098    99.8326     0.0067     4.7223 3.7843e-02      0.024     5.0725      98.63     -0.336          0          1    177.773    176.755         77    34.5605    25.6389    14.9731    34.5606    25.6386    14.9751 0.0000e+00
      61698    402.000    405.119    15.0523   4.266399    15.0503   4.266342     1.9371     1.9104    99.8270     0.0069     4.7220 3.7850e-02      0.024     5.1057      98.63     -0.327          0          1    177.709    177.004         80    34.5613    25.6357    14.9906    34.5625    25.6371    14.9886 0.0000e+00
      61829    401.000    404.110    15.1023   4.271581    15.1017   4.271436     1.9397     1.9147    99.8327     0.0067     4.7223 3.8152e-02      0.024     5.0727      98.63     -0.357          0          1    177.824    177.166         42    34.5645    25.6273    15.0406    34.5638    25.6268    15.0401 0.0000e+00
      61870    400.000    403.102    15.0829   4.269574    15.0893   4.270355     1.9400     1.9150    99.8229     0.0071     4.7218 3.8882e-02      0.026     5.1083      98.63     -0.546          0          1    177.995    177.362         55    34.5639    25.6310    15.0215    34.5653    25.6307    15.0278 0.0000e+00
