CTDdata/C16M001.cnv
* Sea-Bird SBE 9 Data File:
* FileName = C:\MR1703C\CTDdata\C16M001.hdr
* Software Version Seasave V 7.23.2
* Temperature SN = 031464
* Conductivity SN = 041203
* Number of Bytes Per Scan = 41
* Number of Voltage Words = 4
* Number of Scans Averaged by the Deck Unit = 1
* NMEA Latitude = 28 59.99 N
* NMEA Longitude = 129 01.83 E
* NMEA UTC (Time) = Jun 05 2017 22:57:58
* NMEA baud rate = 4800
** Cruise: MR17-03C
** Station: C16
** Bottom Depth [m]: 834.0
** Operator: R.Kobayashi
# nquan = 29                                
# nvalues = 1649                        
# units = specified
# name 0 = scan: Scan Count
# name 1 = depSM: Depth [salt water, m]
# name 2 = prDM: Pressure, Digiquartz [db]
# name 3 = t090C: Temperature [ITS-90, deg C]
# name 4 = c0S/m: Conductivity [S/m]
# name 5 = t190C: Temperature, 2 [ITS-90, deg C]
# name 6 = c1S/m: Conductivity, 2 [S/m]
# name 7 = sbeox0V: Oxygen raw, SBE 43 [V]
# name 8 = sbeox1V: Oxygen raw, SBE 43, 2 [V]
# name 9 = CStarTr0: Beam Transmission, WET Labs C-Star [%]
# name 10 = CStarAt0: Beam Attenuation, WET Labs C-Star [1/m]
# name 11 = v4: Voltage 4
# name 12 = flSP: Fluorescence, Seapoint
# name 13 = seaTurbMtr: Turbidity, Seapoint [FTU]
# name 14 = wetCDOM: Fluorescence, WET Labs CDOM [mg/m^3]
# name 15 = altM: Altimeter [m]
# name 16 = dz/dtM: Descent Rate [m/s]
# name 17 = modError: Modulo Error Count
# name 18 = pumps: Pump Status
# name 19 = sbeox0Mm/Kg: Oxygen, SBE 43 [umol/kg], WS = 2
# name 20 = sbeox1Mm/Kg: Oxygen, SBE 43, 2 [umol/kg], WS = 2
# name 21 = nbin: number of scans per bin
# name 22 = sal00: Salinity, Practical [PSU]
# name 23 = sigma-é00: Density [sigma-theta, kg/m^3]
# name 24 = potemp090C: Potential Temperature [ITS-90, deg C]
# name 25 = sal11: Salinity, Practical, 2 [PSU]
# name 26 = sigma-é11: Density, 2 [sigma-theta, kg/m^3]
# name 27 = potemp190C: Potential Temperature, 2 [ITS-90, deg C]
# name 28 = flag: flag
# span 0 =      14591,      85514       
# span 1 =      1.000,    826.000       
# span 2 =      1.007,    833.265       
# span 3 =     5.6668,    25.3981       
# span 4 =   3.386366,   5.309537       
# span 5 =     5.6665,    25.3984       
# span 6 =   3.386681,   5.309792       
# span 7 =     1.0115,     2.5793       
# span 8 =     0.9892,     2.5187       
# span 9 =    96.7110,    99.8959       
# span 10 =     0.0042,     0.1336      
# span 11 =     4.5747,     4.7253      
# span 12 = 3.6618e-02, 7.7736e-01      
# span 13 =      0.024,      0.206      
# span 14 =    -0.6674,   250.3054      
# span 15 =      -2.73,     102.38      
# span 16 =     -1.484,      1.340      
# span 17 =          0,          0      
# span 18 =          1,          1      
# span 19 =     81.635,    205.250      
# span 20 =     81.503,    203.895      
# span 21 =         16,        207      
# span 22 =    34.2787,    35.0231      
# span 23 =    23.0004,    27.0929      
# span 24 =     5.5944,    25.3974      
# span 25 =    34.2792,    35.0256      
# span 26 =    23.0010,    27.0959      
# span 27 =     5.5941,    25.3977      
# span 28 = 0.0000e+00, 0.0000e+00      
# interval = meters: 1                  
# start_time = Jun 05 2017 22:57:58 [NMEA time, header]
# bad_flag = -9.990e-29
*END*
[from data line 501]
      28657    504.000    508.036    13.1212   4.070949    13.1240   4.071324     1.7678     1.7400    99.6634     0.0135     4.7143 3.9533e-02      0.024     4.9981      98.63      0.966          0          1    164.560    163.319         24    34.4346    25.9447    13.0505    34.4356    25.9450    13.0533 0.0000e+00
      28680    505.000    509.046    13.1074   4.069583    13.1086   4.069812     1.7658     1.7373    99.6634     0.0135     4.7143 3.9064e-02      0.024     5.0027      98.63      0.989          0          1    164.498    162.955         23    34.4338    25.9469    13.0366    34.4348    25.9475    13.0378 0.0000e+00
      28702    506.000    510.055    13.0918   4.068016    13.0924   4.068201     1.7635     1.7345    99.6634     0.0135     4.7143 3.9072e-02      0.024     5.0378      98.63      1.056          0          1    164.155    162.834         21    34.4326    25.9491    13.0209    34.4338    25.9499    13.0215 0.0000e+00
      28723    507.000    511.064    13.0641   4.065263    13.0656   4.065476     1.7615     1.7328    99.6634     0.0135     4.7143 3.9072e-02      0.024     5.0871      98.63      1.123          0          1    164.135    162.716         22    34.4312    25.9536    12.9931    34.4319    25.9538    12.9946 0.0000e+00
      28745    508.000    512.073    13.0429   4.063208    13.0436   4.063416     1.7596     1.7303    99.6750     0.0130     4.7148 3.9072e-02      0.024     5.1337      98.63      1.138          0          1    163.961    162.517         22    34.4305    25.9573    12.9719    34.4318    25.9582    12.9726 0.0000e+00
      28768    509.000    513.083    13.0368   4.062622    13.0377   4.062893     1.7579     1.7286    99.6891     0.0124     4.7155 4.0283e-02      0.024     5.1642      98.63      1.086          0          1    164.022    162.418         24    34.4301    25.9582    12.9657    34.4318    25.9594    12.9666 0.0000e+00
      28793    510.000    514.092    13.0291   4.061911    13.0295   4.062096     1.7568     1.7267    99.6892     0.0124     4.7155 4.0293e-02      0.024     5.1715      98.63      1.019          0          1    163.806    162.275         25    34.4299    25.9596    12.9578    34.4313    25.9606    12.9582 0.0000e+00
      28818    511.000    515.101    13.0227   4.061316    13.0230   4.061518     1.7554     1.7252    99.6892     0.0124     4.7155 3.9783e-02      0.024     5.1603      98.63      0.982          0          1    163.837    162.293         24    34.4296    25.9607    12.9513    34.4313    25.9619    12.9516 0.0000e+00
      28842    512.000    516.111    13.0168   4.060751    13.0160   4.060838     1.7546     1.7244    99.6892     0.0124     4.7155 3.9607e-02      0.025     5.1498      98.63      0.971          0          1    163.635    162.285         25    34.4292    25.9616    12.9453    34.4308    25.9629    12.9445 0.0000e+00
      28866    513.000    517.120    13.0146   4.060561    13.0139   4.060679     1.7530     1.7237    99.6892     0.0124     4.7155 3.9286e-02      0.028     5.1081      98.63      1.001          0          1    163.541    162.366         23    34.4290    25.9619    12.9430    34.4307    25.9634    12.9423 0.0000e+00
      28888    514.000    518.129    13.0061   4.059699    13.0067   4.059956     1.7525     1.7238    99.6775     0.0129     4.7150 3.9183e-02      0.024     5.1229      98.63      1.048          0          1    163.674    162.575         22    34.4281    25.9629    12.9344    34.4300    25.9642    12.9350 0.0000e+00
      28911    515.000    519.138    13.0064   4.059776    13.0065   4.059990     1.7520     1.7243    99.6791     0.0128     4.7150 3.9072e-02      0.024     5.1621      98.63      1.080          0          1    163.776    162.593         23    34.4281    25.9629    12.9345    34.4301    25.9644    12.9346 0.0000e+00
      28934    516.000    520.148    13.0061   4.059777    13.0070   4.060069     1.7529     1.7239    99.6891     0.0124     4.7155 3.9072e-02      0.025     5.1874      98.63      1.072          0          1    164.004    162.437         23    34.4280    25.9629    12.9341    34.4300    25.9642    12.9350 0.0000e+00
      28958    517.000    521.157    12.9923   4.058373    12.9901   4.058316     1.7526     1.7237    99.6892     0.0124     4.7155 3.9368e-02      0.031     5.1950      98.63      1.026          0          1    163.769    162.486         25    34.4268    25.9647    12.9202    34.4282    25.9663    12.9180 0.0000e+00
      28983    518.000    522.166    12.9772   4.056931    12.9788   4.057256     1.7519     1.7228    99.6892     0.0124     4.7155 3.9266e-02      0.031     5.1730      98.63      0.966          0          1    163.655    162.272         25    34.4264    25.9674    12.9050    34.4280    25.9684    12.9066 0.0000e+00
      29007    519.000    523.176    12.9515   4.054332    12.9524   4.054582     1.7500     1.7219    99.6892     0.0124     4.7155 3.9123e-02      0.030     5.1571      98.63      0.982          0          1    163.135    162.208         23    34.4246    25.9711    12.8792    34.4261    25.9722    12.8801 0.0000e+00
      29029    520.000    524.185    12.9113   4.050190    12.9113   4.050171     1.7478     1.7205    99.6892     0.0124     4.7155 4.0303e-02      0.024     5.1628      98.63      1.056          0          1    163.038    161.992         21    34.4212    25.9765    12.8391    34.4211    25.9764    12.8391 0.0000e+00
      29050    521.000    525.194    12.8674   4.045861    12.8685   4.046107     1.7456     1.7184    99.6892     0.0124     4.7155 4.0293e-02      0.024     5.1866      98.63      1.135          0          1    162.681    161.797         20    34.4195    25.9839    12.7952    34.4208    25.9847    12.7963 0.0000e+00
      29071    522.000    526.204    12.8404   4.043132    12.8409   4.043301     1.7424     1.7164    99.6892     0.0124     4.7155 4.0293e-02      0.024     5.2024      98.63      1.178          0          1    162.560    161.559         22    34.4176    25.9878    12.7681    34.4188    25.9886    12.7686 0.0000e+00
      29094    523.000    527.213    12.8213   4.041246    12.8219   4.041415     1.7406     1.7137    99.6892     0.0124     4.7155 4.0293e-02      0.027     5.1958      98.63      1.105          0          1    162.415    161.314         25    34.4166    25.9907    12.7490    34.4176    25.9915    12.7496 0.0000e+00
      29120    524.000    528.222    12.7975   4.038870    12.7983   4.039083     1.7370     1.7112    99.6892     0.0124     4.7155 4.0293e-02      0.031     5.2030      98.63      0.976          0          1    162.074    161.133         27    34.4151    25.9943    12.7251    34.4164    25.9952    12.7259 0.0000e+00
      29147    525.000    529.232    12.7779   4.037041    12.7784   4.037272     1.7353     1.7086    99.6892     0.0124     4.7155 4.0293e-02      0.031     5.2100      98.63      0.897          0          1    161.891    160.836         26    34.4151    25.9982    12.7054    34.4168    25.9994    12.7059 0.0000e+00
      29171    526.000    530.241    12.7649   4.035860    12.7660   4.036119     1.7310     1.7056    99.6892     0.0124     4.7155 4.0293e-02      0.026     5.2413      98.63      0.942          0          1    161.130    160.237         23    34.4152    26.0009    12.6924    34.4167    26.0018    12.6934 0.0000e+00
      29193    527.000    531.250    12.7373   4.033116    12.7391   4.033392     1.7286     1.7020    99.6892     0.0124     4.7155 4.0293e-02      0.029     5.2720      98.63      1.049          0          1    161.145    159.799         20    34.4137    26.0051    12.6647    34.4147    26.0056    12.6665 0.0000e+00
      29213    528.000    532.260    12.6875   4.027959    12.6887   4.028166     1.7260     1.6991    99.6892     0.0124     4.7155 3.9122e-02      0.031     5.2805      98.63      1.156          0          1    160.863    159.801         21    34.4094    26.0115    12.6150    34.4102    26.0120    12.6162 0.0000e+00
      29234    529.000    533.269    12.6569   4.024843    12.6587   4.025155     1.7233     1.6967    99.6892     0.0124     4.7155 3.9073e-02      0.031     5.3080      98.63      1.180          0          1    160.951    159.646         22    34.4070    26.0157    12.5843    34.4083    26.0164    12.5861 0.0000e+00
      29258    530.000    534.279    12.6390   4.023097    12.6406   4.023419     1.7221     1.6942    99.6892     0.0124     4.7155 4.0280e-02      0.028     5.3422      98.63      1.088          0          1    161.033    159.709         26    34.4062    26.0186    12.5664    34.4078    26.0195    12.5680 0.0000e+00
      29284    531.000    535.288    12.6329   4.022537    12.6337   4.022797     1.7204     1.6929    99.6892     0.0124     4.7155 4.0199e-02      0.027     5.3316      98.63      0.945          0          1    160.883    159.826         26    34.4060    26.0196    12.5601    34.4077    26.0208    12.5609 0.0000e+00
      29310    532.000    536.297    12.6198   4.021292    12.6199   4.021477     1.7197     1.6923    99.6892     0.0124     4.7155 4.0036e-02      0.028     5.2849      98.63      0.933          0          1    160.800    159.506         24    34.4056    26.0219    12.5470    34.4072    26.0232    12.5471 0.0000e+00
      29332    533.000    537.307    12.6057   4.019856    12.6066   4.020069     1.7171     1.6894    99.6892     0.0124     4.7155 4.0294e-02      0.031     5.2470      98.63      1.009          0          1    160.159    158.892         21    34.4042    26.0237    12.5328    34.4055    26.0244    12.5337 0.0000e+00
      29352    534.000    538.316    12.5507   4.014380    12.5524   4.014650     1.7148     1.6870    99.6892     0.0124     4.7155 4.0293e-02      0.031     5.2273      98.63      1.132          0          1    160.002    158.766         20    34.4015    26.0322    12.4778    34.4025    26.0327    12.4795 0.0000e+00
      29374    535.000    539.326    12.5267   4.012106    12.5283   4.012367     1.7116     1.6842    99.6892     0.0124     4.7155 4.0182e-02      0.029     5.2511      98.63      1.180          0          1    159.521    158.482         22    34.4011    26.0366    12.4538    34.4022    26.0371    12.4554 0.0000e+00
      29397    536.000    540.335    12.4580   4.004956    12.4624   4.005352     1.7083     1.6813    99.6931     0.0122     4.7157 4.0199e-02      0.024     5.2790      98.63      1.094          0          1    159.476    158.343         26    34.3948    26.0450    12.3852    34.3946    26.0440    12.3896 0.0000e+00
      29423    537.000    541.344    12.3854   3.997747    12.3878   3.997978     1.7043     1.6777    99.6971     0.0121     4.7159 4.0292e-02      0.024     5.2326      98.63      0.963          0          1    158.952    157.969         26    34.3913    26.0564    12.3128    34.3914    26.0560    12.3151 0.0000e+00
      29449    538.000    542.354    12.3219   3.991325    12.3233   3.991470     1.7000     1.6736    99.6892     0.0124     4.7155 4.0293e-02      0.024     5.2296      98.63      0.930          0          1    158.735    157.513         24    34.3871    26.0653    12.2494    34.3873    26.0652    12.2508 0.0000e+00
      29471    539.000    543.363    12.2711   3.986235    12.2724   3.986418     1.6964     1.6695    99.6892     0.0124     4.7155 4.0293e-02      0.027     5.2273      98.63      1.006          0          1    158.274    157.169         22    34.3841    26.0728    12.1986    34.3847    26.0730    12.1999 0.0000e+00
      29493    540.000    544.372    12.2470   3.983853    12.2481   3.984046     1.6921     1.6658    99.6892     0.0124     4.7155 4.0293e-02      0.031     5.2273      98.63      1.097          0          1    157.940    156.766         21    34.3828    26.0763    12.1745    34.3836    26.0768    12.1756 0.0000e+00
      29514    541.000    545.382    12.2204   3.981164    12.2207   3.981240     1.6898     1.6622    99.6892     0.0124     4.7155 4.0293e-02      0.031     5.2374      98.63      1.146          0          1    158.015    156.449         21    34.3807    26.0799    12.1478    34.3812    26.0802    12.1481 0.0000e+00
      29536    542.000    546.391    12.1723   3.976434    12.1750   3.976799     1.6868     1.6588    99.6892     0.0124     4.7155 4.0293e-02      0.024     5.2305      98.63      1.126          0          1    157.539    156.368         23    34.3787    26.0875    12.0998    34.3797    26.0878    12.1025 0.0000e+00
      29560    543.000    547.401    12.1045   3.969633    12.1147   3.970655     1.6830     1.6559    99.6892     0.0124     4.7155 4.0293e-02      0.031     5.2140      98.63      1.056          0          1    157.266    156.158         25    34.3746    26.0972    12.0321    34.3751    26.0957    12.0423 0.0000e+00
      29585    544.000    548.410    12.0509   3.964205    12.0558   3.964794     1.6788     1.6523    99.6892     0.0124     4.7155 4.0293e-02      0.030     5.2019      98.63      0.997          0          1    156.726    155.839         25    34.3707    26.1044    11.9786    34.3720    26.1044    11.9835 0.0000e+00
      29610    545.000    549.419    11.9964   3.959023    11.9903   3.958571     1.6743     1.6482    99.6892     0.0124     4.7155 4.0293e-02      0.024     5.1482      98.63      0.962          0          1    156.600    155.417         25    34.3701    26.1142    11.9242    34.3713    26.1163    11.9181 0.0000e+00
      29635    546.000    550.429    11.9904   3.958400    11.9893   3.958378     1.6715     1.6443    99.6892     0.0124     4.7155 4.0293e-02      0.024     5.1268      98.63      0.960          0          1    156.339    155.074         25    34.3691    26.1146    11.9181    34.3699    26.1154    11.9170 0.0000e+00
      29659    547.000    551.439    11.9553   3.955024    11.9550   3.955160     1.6680     1.6414    99.6892     0.0124     4.7155 4.0293e-02      0.024     5.1706      98.63      0.990          0          1    156.099    154.858         22    34.3682    26.1205    11.8830    34.3698    26.1218    11.8827 0.0000e+00
      29680    548.000    552.448    11.9410   3.953587    11.9411   3.953780     1.6664     1.6383    99.6892     0.0124     4.7155 4.0293e-02      0.024     5.2157      98.63      1.066          0          1    155.766    154.504         21    34.3669    26.1223    11.8686    34.3687    26.1236    11.8687 0.0000e+00
      29701    549.000    553.457    11.8912   3.948737    11.8939   3.949092     1.6623     1.6359    99.6892     0.0124     4.7155 4.0293e-02      0.031     5.2657      98.63      1.145          0          1    155.194    154.420         21    34.3651    26.1302    11.8188    34.3661    26.1305    11.8215 0.0000e+00
      29723    550.000    554.467    11.8600   3.945826    11.8634   3.946341     1.6592     1.6330    99.6892     0.0124     4.7155 4.0397e-02      0.031     5.3008      98.63      1.152          0          1    155.145    154.044         23    34.3651    26.1361    11.7876    34.3670    26.1369    11.7910 0.0000e+00
      29747    551.000    555.476    11.8597   3.945827    11.8610   3.946125     1.6557     1.6297    99.6892     0.0124     4.7155 4.0487e-02      0.031     5.2667      98.63      1.064          0          1    154.558    153.735         25    34.3649    26.1360    11.7872    34.3666    26.1371    11.7885 0.0000e+00
      29773    552.000    556.486    11.8134   3.941364    11.8153   3.941597     1.6520     1.6269    99.6892     0.0124     4.7155 4.0293e-02      0.031     5.2957      98.63      0.958          0          1    154.552    153.518         26    34.3636    26.1437    11.7409    34.3642    26.1438    11.7428 0.0000e+00
