CTDdata/C16M001.cnv
* Sea-Bird SBE 9 Data File:
* FileName = C:\MR1703C\CTDdata\C16M001.hdr
* Software Version Seasave V 7.23.2
* Temperature SN = 031464
* Conductivity SN = 041203
* Number of Bytes Per Scan = 41
* Number of Voltage Words = 4
* Number of Scans Averaged by the Deck Unit = 1
* NMEA Latitude = 28 59.99 N
* NMEA Longitude = 129 01.83 E
* NMEA UTC (Time) = Jun 05 2017 22:57:58
* NMEA baud rate = 4800
** Cruise: MR17-03C
** Station: C16
** Bottom Depth [m]: 834.0
** Operator: R.Kobayashi
# nquan = 29                                
# nvalues = 1649                        
# units = specified
# name 0 = scan: Scan Count
# name 1 = depSM: Depth [salt water, m]
# name 2 = prDM: Pressure, Digiquartz [db]
# name 3 = t090C: Temperature [ITS-90, deg C]
# name 4 = c0S/m: Conductivity [S/m]
# name 5 = t190C: Temperature, 2 [ITS-90, deg C]
# name 6 = c1S/m: Conductivity, 2 [S/m]
# name 7 = sbeox0V: Oxygen raw, SBE 43 [V]
# name 8 = sbeox1V: Oxygen raw, SBE 43, 2 [V]
# name 9 = CStarTr0: Beam Transmission, WET Labs C-Star [%]
# name 10 = CStarAt0: Beam Attenuation, WET Labs C-Star [1/m]
# name 11 = v4: Voltage 4
# name 12 = flSP: Fluorescence, Seapoint
# name 13 = seaTurbMtr: Turbidity, Seapoint [FTU]
# name 14 = wetCDOM: Fluorescence, WET Labs CDOM [mg/m^3]
# name 15 = altM: Altimeter [m]
# name 16 = dz/dtM: Descent Rate [m/s]
# name 17 = modError: Modulo Error Count
# name 18 = pumps: Pump Status
# name 19 = sbeox0Mm/Kg: Oxygen, SBE 43 [umol/kg], WS = 2
# name 20 = sbeox1Mm/Kg: Oxygen, SBE 43, 2 [umol/kg], WS = 2
# name 21 = nbin: number of scans per bin
# name 22 = sal00: Salinity, Practical [PSU]
# name 23 = sigma-é00: Density [sigma-theta, kg/m^3]
# name 24 = potemp090C: Potential Temperature [ITS-90, deg C]
# name 25 = sal11: Salinity, Practical, 2 [PSU]
# name 26 = sigma-é11: Density, 2 [sigma-theta, kg/m^3]
# name 27 = potemp190C: Potential Temperature, 2 [ITS-90, deg C]
# name 28 = flag: flag
# span 0 =      14591,      85514       
# span 1 =      1.000,    826.000       
# span 2 =      1.007,    833.265       
# span 3 =     5.6668,    25.3981       
# span 4 =   3.386366,   5.309537       
# span 5 =     5.6665,    25.3984       
# span 6 =   3.386681,   5.309792       
# span 7 =     1.0115,     2.5793       
# span 8 =     0.9892,     2.5187       
# span 9 =    96.7110,    99.8959       
# span 10 =     0.0042,     0.1336      
# span 11 =     4.5747,     4.7253      
# span 12 = 3.6618e-02, 7.7736e-01      
# span 13 =      0.024,      0.206      
# span 14 =    -0.6674,   250.3054      
# span 15 =      -2.73,     102.38      
# span 16 =     -1.484,      1.340      
# span 17 =          0,          0      
# span 18 =          1,          1      
# span 19 =     81.635,    205.250      
# span 20 =     81.503,    203.895      
# span 21 =         16,        207      
# span 22 =    34.2787,    35.0231      
# span 23 =    23.0004,    27.0929      
# span 24 =     5.5944,    25.3974      
# span 25 =    34.2792,    35.0256      
# span 26 =    23.0010,    27.0959      
# span 27 =     5.5941,    25.3977      
# span 28 = 0.0000e+00, 0.0000e+00      
# interval = meters: 1                  
# start_time = Jun 05 2017 22:57:58 [NMEA time, header]
# bad_flag = -9.990e-29
*END*
[from data line 951]
      47846    698.000    703.921     6.3670   3.441370     6.3694   3.441767     1.0744     1.0544    99.6111     0.0156     4.7118 4.7472e-02      0.050     7.9723      98.63     -0.166          0          1     88.812     88.958        183    34.3280    26.9828     6.3027    34.3300    26.9841     6.3051 0.0000e+00
      48851    697.000    702.911     6.3662   3.441283     6.3656   3.441423     1.0745     1.0544    99.6119     0.0156     4.7118 4.8217e-02      0.049     7.9102      98.63     -0.245          0          1     88.829     88.923         79    34.3283    26.9832     6.3020    34.3305    26.9849     6.3014 0.0000e+00
      48846    696.000    701.901     6.3765   3.442177     6.3799   3.442650     1.0751     1.0544    99.6118     0.0156     4.7118 4.7612e-02      0.049     7.9006      98.63     -0.394          0          1     89.001     89.010         59    34.3285    26.9819     6.3124    34.3303    26.9829     6.3158 0.0000e+00
      48898    695.000    700.891     6.3866   3.443027     6.3872   3.443246     1.0760     1.0555    99.6118     0.0156     4.7118 4.7619e-02      0.047     7.8974      98.63     -0.470          0          1     89.147     89.180         47    34.3283    26.9804     6.3225    34.3301    26.9818     6.3231 0.0000e+00
      48941    694.000    699.881     6.4018   3.444338     6.4025   3.444589     1.0767     1.0564    99.6118     0.0156     4.7118 4.7619e-02      0.047     7.8887      98.63     -0.565          0          1     89.252     89.400         40    34.3281    26.9783     6.3377    34.3302    26.9799     6.3384 0.0000e+00
      48982    693.000    698.870     6.4332   3.447126     6.4375   3.447718     1.0781     1.0574    99.6118     0.0156     4.7118 4.7619e-02      0.050     7.8678      98.63     -0.586          0          1     89.564     89.558         41    34.3281    26.9742     6.3691    34.3304    26.9754     6.3733 0.0000e+00
      49021    692.000    697.860     6.4926   3.452350     6.4913   3.452459     1.0804     1.0595    99.6118     0.0156     4.7118 4.7141e-02      0.049     7.8343      98.63     -0.621          0          1     90.102     90.039         36    34.3271    26.9657     6.4283    34.3296    26.9678     6.4270 0.0000e+00
      49056    691.000    696.850     6.5170   3.454445     6.5247   3.455312     1.0829     1.0621    99.6118     0.0156     4.7118 4.7621e-02      0.050     7.8407      98.63     -0.689          0          1     90.332     90.502         34    34.3264    26.9619     6.4526    34.3283    26.9624     6.4603 0.0000e+00
      49090    690.000    695.840     6.5517   3.457412     6.5542   3.457862     1.0853     1.0648    99.6118     0.0156     4.7118 4.7619e-02      0.049     7.8151      98.63     -0.709          0          1     90.748     90.738         33    34.3250    26.9563     6.4872    34.3275    26.9579     6.4897 0.0000e+00
      49122    689.000    694.829     6.5767   3.459525     6.5737   3.459508     1.0876     1.0669    99.6118     0.0156     4.7118 4.7619e-02      0.049     7.7846      98.63     -0.745          0          1     90.946     90.973         31    34.3239    26.9521     6.5122    34.3267    26.9547     6.5092 0.0000e+00
      49152    688.000    693.820     6.5899   3.460682     6.5961   3.461435     1.0896     1.0689    99.6118     0.0156     4.7118 4.7619e-02      0.049     7.7605      98.63     -0.791          0          1     91.167     91.236         30    34.3240    26.9504     6.5254    34.3261    26.9513     6.5316 0.0000e+00
      49180    687.000    692.810     6.6074   3.462177     6.6090   3.462537     1.0915     1.0707    99.6118     0.0156     4.7118 4.7619e-02      0.049     7.7620      98.63     -0.829          0          1     91.390     91.431         27    34.3236    26.9477     6.5430    34.3259    26.9494     6.5445 0.0000e+00
      49207    686.000    691.799     6.6177   3.463065     6.6204   3.463507     1.0930     1.0721    99.6118     0.0156     4.7118 4.7031e-02      0.049     7.7746      98.63     -0.890          0          1     91.559     91.533         27    34.3236    26.9464     6.5533    34.3258    26.9477     6.5560 0.0000e+00
      49234    685.000    690.789     6.6251   3.463721     6.6318   3.464493     1.0943     1.0738    99.6118     0.0156     4.7118 4.7525e-02      0.049     7.7933      98.63     -0.909          0          1     91.577     91.707         27    34.3239    26.9456     6.5608    34.3257    26.9462     6.5674 0.0000e+00
      49261    684.000    689.779     6.6414   3.465073     6.6470   3.465815     1.0955     1.0749    99.6118     0.0156     4.7118 4.7619e-02      0.049     7.8056      98.63     -0.899          0          1     91.696     91.806         26    34.3231    26.9428     6.5771    34.3257    26.9441     6.5826 0.0000e+00
      49286    683.000    688.769     6.6571   3.466436     6.6600   3.466834     1.0965     1.0762    99.6118     0.0156     4.7118 4.7619e-02      0.049     7.8088      98.63     -0.935          0          1     91.880     92.068         25    34.3229    26.9406     6.5928    34.3244    26.9414     6.5957 0.0000e+00
      49311    682.000    687.759     6.6714   3.467537     6.6724   3.467850     1.0978     1.0776    99.6118     0.0156     4.7118 4.7619e-02      0.049     7.8220      98.63     -0.964          0          1     92.082     92.111         24    34.3213    26.9374     6.6071    34.3238    26.9392     6.6081 0.0000e+00
      49333    681.000    686.749     6.6797   3.468256     6.6800   3.468466     1.0989     1.0786    99.6118     0.0156     4.7118 4.7619e-02      0.049     7.8538      98.63     -1.027          0          1     92.088     92.222         22    34.3214    26.9364     6.6155    34.3235    26.9379     6.6158 0.0000e+00
      49355    680.000    685.739     6.6873   3.468894     6.6877   3.469142     1.0995     1.0795    99.6118     0.0156     4.7118 4.7619e-02      0.049     7.8678      98.63     -1.089          0          1     92.154     92.381         21    34.3214    26.9353     6.6231    34.3237    26.9371     6.6235 0.0000e+00
      49377    679.000    684.728     6.6979   3.469833     6.6980   3.470023     1.1006     1.0806    99.6040     0.0159     4.7114 4.7619e-02      0.049     7.8523      98.63     -1.121          0          1     92.437     92.526         23    34.3217    26.9341     6.6338    34.3236    26.9357     6.6339 0.0000e+00
      49400    678.000    683.718     6.7106   3.470948     6.7081   3.470952     1.1019     1.0816    99.5862     0.0166     4.7106 4.7619e-02      0.049     7.8359      98.63     -1.080          0          1     92.596     92.636         24    34.3218    26.9325     6.6465    34.3243    26.9348     6.6440 0.0000e+00
      49424    677.000    682.709     6.7232   3.471989     6.7260   3.472431     1.1033     1.0830    99.5976     0.0161     4.7111 4.7369e-02      0.049     7.8323      98.63     -1.022          0          1     92.630     92.889         24    34.3212    26.9303     6.6591    34.3232    26.9316     6.6619 0.0000e+00
      49447    676.000    681.698     6.7269   3.472303     6.7321   3.473010     1.1038     1.0842    99.5977     0.0161     4.7111 4.7618e-02      0.049     7.8391      98.63     -1.017          0          1     92.690     93.035         22    34.3214    26.9300     6.6629    34.3240    26.9314     6.6681 0.0000e+00
      49470    675.000    680.688     6.7517   3.474479     6.7565   3.475140     1.1052     1.0857    99.5858     0.0166     4.7106 4.7619e-02      0.049     7.8372      98.63     -1.062          0          1     93.083     93.261         22    34.3212    26.9265     6.6877    34.3237    26.9278     6.6925 0.0000e+00
      49491    674.000    679.678     6.7773   3.476777     6.7754   3.476809     1.1067     1.0869    99.5859     0.0166     4.7106 4.6864e-02      0.049     7.8309      98.63     -1.108          0          1     93.450     93.450         21    34.3215    26.9233     6.7133    34.3237    26.9253     6.7114 0.0000e+00
      49512    673.000    678.668     6.8027   3.478918     6.8038   3.479282     1.1086     1.0884    99.6093     0.0157     4.7117 4.6396e-02      0.049     7.8245      98.63     -1.152          0          1     93.616     93.710         20    34.3202    26.9189     6.7386    34.3231    26.9210     6.7397 0.0000e+00
      49532    672.000    677.658     6.8316   3.481573     6.8358   3.482069     1.1101     1.0903    99.6118     0.0156     4.7118 4.6398e-02      0.049     7.8102      98.63     -1.180          0          1     93.968     94.124         21    34.3211    26.9157     6.7675    34.3224    26.9162     6.7717 0.0000e+00
      49552    671.000    676.648     6.8764   3.485357     6.8850   3.486476     1.1128     1.0925    99.6118     0.0156     4.7118 4.6398e-02      0.049     7.8040      98.63     -1.184          0          1     94.642     94.522         20    34.3186    26.9077     6.8122    34.3224    26.9095     6.8207 0.0000e+00
      49572    670.000    675.638     6.9541   3.492395     6.9508   3.492417     1.1158     1.0951    99.6143     0.0155     4.7119 4.6398e-02      0.049     7.8107      98.63     -1.198          0          1     95.201     95.022         20    34.3191    26.8976     6.8896    34.3226    26.9008     6.8863 0.0000e+00
      49592    669.000    674.628     7.0500   3.500532     7.0598   3.501838     1.1197     1.0982    99.6372     0.0145     4.7131 4.6398e-02      0.049     7.8159      98.63     -1.226          0          1     95.985     95.733         20    34.3135    26.8801     6.9851    34.3181    26.8823     6.9948 0.0000e+00
      49614    668.000    673.618     7.0991   3.504882     7.1060   3.505792     1.1251     1.1037    99.6376     0.0145     4.7131 4.6398e-02      0.049     7.7873      98.63     -1.180          0          1     96.934     96.894         23    34.3129    26.8728     7.0340    34.3160    26.8743     7.0409 0.0000e+00
      49638    667.000    672.608     7.2047   3.514002     7.2000   3.514047     1.1313     1.1097    99.6386     0.0145     4.7131 4.6398e-02      0.049     7.7701      98.63     -1.049          0          1     97.779     97.634         25    34.3083    26.8546     7.1392    34.3135    26.8593     7.1345 0.0000e+00
      49663    666.000    671.598     7.2484   3.517809     7.2674   3.519777     1.1378     1.1160    99.6637     0.0135     4.7143 4.6398e-02      0.048     7.7766      98.63     -0.982          0          1     98.414     98.423         24    34.3071    26.8475     7.1828    34.3097    26.8470     7.2017 0.0000e+00
      49685    665.000    670.588     7.2895   3.521327     7.3052   3.522965     1.1425     1.1214    99.6634     0.0135     4.7143 4.6398e-02      0.044     7.7696      98.63     -1.034          0          1     98.663     99.009         20    34.3052    26.8403     7.2238    34.3075    26.8399     7.2394 0.0000e+00
      49704    664.000    669.578     7.3094   3.522997     7.3134   3.523566     1.1462     1.1260    99.6634     0.0135     4.7143 4.6398e-02      0.043     7.7645      98.63     -1.158          0          1     98.890     99.441         19    34.3042    26.8367     7.2437    34.3064    26.8379     7.2477 0.0000e+00
      49722    663.000    668.568     7.3129   3.523219     7.3142   3.523585     1.1489     1.1296    99.6634     0.0135     4.7143 4.6398e-02      0.043     7.7391      98.63     -1.263          0          1     99.020     99.503         18    34.3036    26.8358     7.2473    34.3063    26.8377     7.2486 0.0000e+00
      49741    662.000    667.558     7.3176   3.523595     7.3165   3.523724     1.1513     1.1322    99.6634     0.0135     4.7143 4.6398e-02      0.043     7.7450      98.63     -1.316          0          1     99.145     99.587         18    34.3035    26.8350     7.2521    34.3060    26.8371     7.2510 0.0000e+00
      49760    661.000    666.548     7.3193   3.523683     7.3204   3.524009     1.1532     1.1346    99.6634     0.0135     4.7143 4.6398e-02      0.045     7.7703      98.63     -1.319          0          1     99.254     99.704         20    34.3033    26.8346     7.2539    34.3057    26.8364     7.2550 0.0000e+00
      49780    660.000    665.538     7.3221   3.523896     7.3237   3.524220     1.1552     1.1366    99.6413     0.0144     4.7133 4.6398e-02      0.045     7.7811      98.63     -1.241          0          1     99.286     99.686         22    34.3033    26.8342     7.2568    34.3053    26.8355     7.2584 0.0000e+00
      49802    659.000    664.528     7.3253   3.524084     7.3264   3.524378     1.1562     1.1380    99.6550     0.0138     4.7139 4.6398e-02      0.043     7.7764      98.63     -1.148          0          1     99.158     99.684         22    34.3027    26.8332     7.2601    34.3048    26.8347     7.2611 0.0000e+00
      49825    658.000    663.518     7.3273   3.524202     7.3283   3.524502     1.1573     1.1394    99.6635     0.0135     4.7143 4.6398e-02      0.043     7.7740      98.63     -1.082          0          1     99.366     99.765         23    34.3025    26.8328     7.2621    34.3047    26.8344     7.2631 0.0000e+00
      49847    657.000    662.508     7.3327   3.524577     7.3337   3.524852     1.1583     1.1402    99.6634     0.0135     4.7143 4.6398e-02      0.043     7.7641      98.63     -1.065          0          1     99.495     99.753         21    34.3017    26.8314     7.2676    34.3037    26.8328     7.2686 0.0000e+00
      49867    656.000    661.498     7.3343   3.524613     7.3345   3.524827     1.1593     1.1410    99.6634     0.0135     4.7143 4.6398e-02      0.043     7.7256      98.63     -1.147          0          1     99.572     99.874         19    34.3010    26.8306     7.2693    34.3031    26.8322     7.2695 0.0000e+00
      49886    655.000    660.488     7.3387   3.524861     7.3393   3.525098     1.1599     1.1418    99.6634     0.0135     4.7143 4.6398e-02      0.043     7.7014      98.63     -1.245          0          1     99.581     99.887         19    34.2998    26.8290     7.2738    34.3018    26.8305     7.2744 0.0000e+00
      49905    654.000    659.478     7.3435   3.525124     7.3440   3.525354     1.1607     1.1421    99.6634     0.0135     4.7143 4.6398e-02      0.043     7.6950      98.63     -1.275          0          1     99.766     99.976         19    34.2984    26.8272     7.2787    34.3004    26.8287     7.2792 0.0000e+00
      49925    653.000    658.468     7.3482   3.525397     7.3487   3.525620     1.1619     1.1431    99.6634     0.0135     4.7143 4.6398e-02      0.043     7.6838      98.63     -1.234          0          1     99.853    100.141         21    34.2972    26.8256     7.2835    34.2991    26.8271     7.2840 0.0000e+00
      49947    652.000    657.458     7.3511   3.525593     7.3536   3.525952     1.1621     1.1440    99.6634     0.0135     4.7143 4.5354e-02      0.043     7.6633      98.63     -1.161          0          1     99.846    100.185         21    34.2969    26.8250     7.2865    34.2984    26.8258     7.2889 0.0000e+00
      49969    651.000    656.448     7.3578   3.526092     7.3586   3.526303     1.1633     1.1445    99.6634     0.0135     4.7143 4.5176e-02      0.043     7.6465      98.63     -1.123          0          1    100.054    100.301         22    34.2962    26.8235     7.2932    34.2977    26.8246     7.2940 0.0000e+00
      49990    650.000    655.438     7.3623   3.526434     7.3614   3.526534     1.1638     1.1456    99.6634     0.0135     4.7143 4.5177e-02      0.043     7.6453      98.63     -1.125          0          1    100.013    100.371         21    34.2960    26.8226     7.2978    34.2979    26.8243     7.2969 0.0000e+00
