CTDdata/C16M001.cnv
* Sea-Bird SBE 9 Data File:
* FileName = C:\MR1703C\CTDdata\C16M001.hdr
* Software Version Seasave V 7.23.2
* Temperature SN = 031464
* Conductivity SN = 041203
* Number of Bytes Per Scan = 41
* Number of Voltage Words = 4
* Number of Scans Averaged by the Deck Unit = 1
* NMEA Latitude = 28 59.99 N
* NMEA Longitude = 129 01.83 E
* NMEA UTC (Time) = Jun 05 2017 22:57:58
* NMEA baud rate = 4800
** Cruise: MR17-03C
** Station: C16
** Bottom Depth [m]: 834.0
** Operator: R.Kobayashi
# nquan = 29                                
# nvalues = 1649                        
# units = specified
# name 0 = scan: Scan Count
# name 1 = depSM: Depth [salt water, m]
# name 2 = prDM: Pressure, Digiquartz [db]
# name 3 = t090C: Temperature [ITS-90, deg C]
# name 4 = c0S/m: Conductivity [S/m]
# name 5 = t190C: Temperature, 2 [ITS-90, deg C]
# name 6 = c1S/m: Conductivity, 2 [S/m]
# name 7 = sbeox0V: Oxygen raw, SBE 43 [V]
# name 8 = sbeox1V: Oxygen raw, SBE 43, 2 [V]
# name 9 = CStarTr0: Beam Transmission, WET Labs C-Star [%]
# name 10 = CStarAt0: Beam Attenuation, WET Labs C-Star [1/m]
# name 11 = v4: Voltage 4
# name 12 = flSP: Fluorescence, Seapoint
# name 13 = seaTurbMtr: Turbidity, Seapoint [FTU]
# name 14 = wetCDOM: Fluorescence, WET Labs CDOM [mg/m^3]
# name 15 = altM: Altimeter [m]
# name 16 = dz/dtM: Descent Rate [m/s]
# name 17 = modError: Modulo Error Count
# name 18 = pumps: Pump Status
# name 19 = sbeox0Mm/Kg: Oxygen, SBE 43 [umol/kg], WS = 2
# name 20 = sbeox1Mm/Kg: Oxygen, SBE 43, 2 [umol/kg], WS = 2
# name 21 = nbin: number of scans per bin
# name 22 = sal00: Salinity, Practical [PSU]
# name 23 = sigma-é00: Density [sigma-theta, kg/m^3]
# name 24 = potemp090C: Potential Temperature [ITS-90, deg C]
# name 25 = sal11: Salinity, Practical, 2 [PSU]
# name 26 = sigma-é11: Density, 2 [sigma-theta, kg/m^3]
# name 27 = potemp190C: Potential Temperature, 2 [ITS-90, deg C]
# name 28 = flag: flag
# span 0 =      14591,      85514       
# span 1 =      1.000,    826.000       
# span 2 =      1.007,    833.265       
# span 3 =     5.6668,    25.3981       
# span 4 =   3.386366,   5.309537       
# span 5 =     5.6665,    25.3984       
# span 6 =   3.386681,   5.309792       
# span 7 =     1.0115,     2.5793       
# span 8 =     0.9892,     2.5187       
# span 9 =    96.7110,    99.8959       
# span 10 =     0.0042,     0.1336      
# span 11 =     4.5747,     4.7253      
# span 12 = 3.6618e-02, 7.7736e-01      
# span 13 =      0.024,      0.206      
# span 14 =    -0.6674,   250.3054      
# span 15 =      -2.73,     102.38      
# span 16 =     -1.484,      1.340      
# span 17 =          0,          0      
# span 18 =          1,          1      
# span 19 =     81.635,    205.250      
# span 20 =     81.503,    203.895      
# span 21 =         16,        207      
# span 22 =    34.2787,    35.0231      
# span 23 =    23.0004,    27.0929      
# span 24 =     5.5944,    25.3974      
# span 25 =    34.2792,    35.0256      
# span 26 =    23.0010,    27.0959      
# span 27 =     5.5941,    25.3977      
# span 28 = 0.0000e+00, 0.0000e+00      
# interval = meters: 1                  
# start_time = Jun 05 2017 22:57:58 [NMEA time, header]
# bad_flag = -9.990e-29
*END*
[from data line 1501]
      72417    148.000    149.056    20.9450   4.895314    20.9448   4.895436     2.3909     2.3526    99.4826     0.0207     4.7057 9.7243e-02      0.033     2.7730      98.63     -1.166          0          1    202.678    201.556         23    35.0061    24.5212    20.9165    35.0072    24.5221    20.9163 0.0000e+00
      72443    147.000    148.049    20.9517   4.896004    20.9515   4.896099     2.3915     2.3535    99.4826     0.0207     4.7057 1.0275e-01      0.036     2.7373      98.63     -1.031          0          1    202.908    201.625         27    35.0065    24.5196    20.9234    35.0074    24.5204    20.9232 0.0000e+00
      72470    146.000    147.041    20.9570   4.896495    20.9573   4.896656     2.3949     2.3550    99.4826     0.0207     4.7057 9.6884e-02      0.035     2.7163      98.63     -0.894          0          1    203.099    201.710         28    35.0064    24.5181    20.9289    35.0075    24.5188    20.9292 0.0000e+00
      72497    145.000    146.034    20.9711   4.897903    20.9692   4.897839     2.3954     2.3545    99.4608     0.0216     4.7047 9.2951e-02      0.036     2.6854      98.63     -0.878          0          1    203.098    201.417         26    35.0065    24.5143    20.9432    35.0075    24.5156    20.9413 0.0000e+00
      72522    144.000    145.026    21.0002   4.901000    20.9954   4.900665     2.3973     2.3549    99.4309     0.0228     4.7033 9.7582e-02      0.037     2.6313      98.63     -0.935          0          1    203.250    201.694         23    35.0078    24.5074    20.9725    35.0091    24.5096    20.9677 0.0000e+00
      72544    143.000    144.019    21.0375   4.904908    21.0289   4.904252     2.4001     2.3580    99.4149     0.0235     4.7025 1.0391e-01      0.037     2.6122      98.63     -1.031          0          1    203.509    202.096         21    35.0090    24.4980    21.0099    35.0107    24.5017    21.0013 0.0000e+00
      72565    142.000    143.011    21.0812   4.909519    21.0764   4.909255     2.4025     2.3610    99.4051     0.0239     4.7021 1.0895e-01      0.037     2.6038      98.63     -1.127          0          1    203.310    202.103         20    35.0104    24.4872    21.0538    35.0123    24.4899    21.0490 0.0000e+00
      72585    141.000    142.004    21.0971   4.911176    21.0954   4.911180     2.4019     2.3626    99.4052     0.0239     4.7021 1.2446e-01      0.037     2.5879      98.63     -1.192          0          1    203.000    202.012         20    35.0110    24.4833    21.0698    35.0125    24.4849    21.0681 0.0000e+00
      72605    140.000    140.996    21.1086   4.912383    21.1087   4.912548     2.4022     2.3631    99.3791     0.0249     4.7009 1.3798e-01      0.037     2.5671      98.63     -1.200          0          1    203.093    201.828         21    35.0116    24.4806    21.0815    35.0129    24.4815    21.0816 0.0000e+00
      72628    139.000    139.989    21.1187   4.913414    21.1191   4.913603     2.4033     2.3628    99.3681     0.0253     4.7003 1.5439e-01      0.037     2.5396      98.63     -1.141          0          1    203.181    201.694         25    35.0120    24.4780    21.0918    35.0132    24.4788    21.0922 0.0000e+00
      72654    138.000    138.981    21.1379   4.915387    21.1348   4.915232     2.4039     2.3636    99.3536     0.0259     4.6996 1.6444e-01      0.037     2.5079      98.63     -0.983          0          1    203.068    201.967         28    35.0124    24.4731    21.1112    35.0137    24.4749    21.1081 0.0000e+00
      72683    137.000    137.974    21.1489   4.916558    21.1476   4.916552     2.4047     2.3660    99.3535     0.0259     4.6996 1.4214e-01      0.037     2.4779      98.63     -0.838          0          1    203.255    202.171         29    35.0131    24.4705    21.1224    35.0141    24.4717    21.1211 0.0000e+00
      72710    136.000    136.967    21.1621   4.917911    21.1581   4.917649     2.4071     2.3680    99.3535     0.0259     4.6996 1.3722e-01      0.043     2.4137      98.63     -0.863          0          1    203.356    202.176         25    35.0135    24.4672    21.1358    35.0147    24.4692    21.1318 0.0000e+00
      72733    135.000    135.959    21.1780   4.919453    21.1750   4.919313     2.4068     2.3680    99.3488     0.0261     4.6994 1.3985e-01      0.043     2.3942      98.63     -0.974          0          1    202.948    201.793         22    35.0131    24.4625    21.1518    35.0145    24.4644    21.1488 0.0000e+00
      72755    134.000    134.952    21.2016   4.921711    21.1965   4.921455     2.4049     2.3660    99.3275     0.0270     4.6984 1.4727e-01      0.043     2.4106      98.63     -1.081          0          1    202.393    201.292         20    35.0122    24.4553    21.1756    35.0144    24.4584    21.1705 0.0000e+00
      72775    133.000    133.944    21.2217   4.923615    21.2193   4.923575     2.4016     2.3631    99.3277     0.0270     4.6984 1.6024e-01      0.043     2.4151      98.63     -1.152          0          1    201.979    200.713         20    35.0114    24.4491    21.1959    35.0130    24.4510    21.1935 0.0000e+00
      72797    132.000    132.937    21.2334   4.924685    21.2303   4.924569     2.3998     2.3589    99.3277     0.0270     4.6984 1.7855e-01      0.037     2.4106      98.63     -1.162          0          1    201.931    200.330         23    35.0107    24.4454    21.2078    35.0123    24.4474    21.2047 0.0000e+00
      72820    131.000    131.929    21.2375   4.925060    21.2381   4.925275     2.3984     2.3571    99.3277     0.0270     4.6984 1.7766e-01      0.041     2.4151      98.63     -1.078          0          1    201.665    200.314         25    35.0107    24.4442    21.2121    35.0119    24.4450    21.2127 0.0000e+00
      72847    130.000    130.922    21.2418   4.925373    21.2413   4.925488     2.3968     2.3554    99.3277     0.0270     4.6984 1.6029e-01      0.042     2.4186      98.63     -0.951          0          1    201.615    200.055         27    35.0100    24.4424    21.2166    35.0113    24.4436    21.2161 0.0000e+00
      72874    129.000    129.915    21.2495   4.926047    21.2477   4.926051     2.3962     2.3522    99.3277     0.0270     4.6984 1.5651e-01      0.039     2.4314      98.63     -0.882          0          1    201.252    199.412         26    35.0095    24.4399    21.2244    35.0110    24.4415    21.2226 0.0000e+00
      72899    128.000    128.907    21.2604   4.926945    21.2585   4.926930     2.3907     2.3478    99.3277     0.0270     4.6984 1.6053e-01      0.039     2.4482      98.63     -0.938          0          1    199.914    198.632         24    35.0081    24.4358    21.2355    35.0095    24.4374    21.2336 0.0000e+00
      72921    127.000    127.900    21.2662   4.927185    21.2652   4.927272     2.3807     2.3410    99.3277     0.0270     4.6984 1.6552e-01      0.037     2.4481      98.63     -1.038          0          1    198.772    197.683         21    35.0056    24.4322    21.2415    35.0071    24.4337    21.2405 0.0000e+00
      72943    126.000    126.893    21.2724   4.927591    21.2716   4.927694     2.3755     2.3353    99.3277     0.0270     4.6984 1.6707e-01      0.040     2.4374      98.63     -1.094          0          1    198.474    197.367         23    35.0041    24.4294    21.2479    35.0056    24.4307    21.2471 0.0000e+00
      72967    125.000    125.885    21.2845   4.928802    21.2776   4.928240     2.3686     2.3317    99.3277     0.0270     4.6984 1.6674e-01      0.043     2.4281      98.63     -1.058          0          1    197.630    196.894         25    35.0042    24.4261    21.2602    35.0054    24.4289    21.2533 0.0000e+00
      72993    124.000    124.878    21.3577   4.936307    21.3415   4.935010     2.3627     2.3243    99.3277     0.0270     4.6984 1.6297e-01      0.043     2.4339      98.63     -0.965          0          1    197.113    195.751         26    35.0047    24.4063    21.3335    35.0076    24.4129    21.3173 0.0000e+00
      73018    123.000    123.870    21.4058   4.941381    21.3959   4.940553     2.3609     2.3205    99.3194     0.0273     4.6980 1.6377e-01      0.043     2.4250      98.63     -0.939          0          1    197.132    195.738         25    35.0062    24.3942    21.3818    35.0077    24.3980    21.3719 0.0000e+00
      73043    122.000    122.863    21.4245   4.943370    21.4168   4.942747     2.3627     2.3211    99.3017     0.0280     4.6972 1.6906e-01      0.043     2.4063      98.63     -0.968          0          1    197.461    196.029         24    35.0071    24.3897    21.4007    35.0084    24.3928    21.3930 0.0000e+00
      73067    121.000    121.855    21.4388   4.944999    21.4320   4.944401     2.3640     2.3223    99.2864     0.0287     4.6965 1.7177e-01      0.044     2.4156      98.63     -0.996          0          1    197.410    196.048         25    35.0088    24.3870    21.4152    35.0096    24.3894    21.4084 0.0000e+00
      73092    120.000    120.848    21.4490   4.946074    21.4482   4.946147     2.3657     2.3237    99.2760     0.0291     4.6960 1.7701e-01      0.043     2.3790      98.63     -0.989          0          1    197.555    196.359         24    35.0094    24.3846    21.4255    35.0106    24.3857    21.4247 0.0000e+00
      73116    119.000    119.841    21.4652   4.947816    21.4547   4.946871     2.3655     2.3272    99.2760     0.0291     4.6960 1.8003e-01      0.043     2.3441      98.63     -0.987          0          1    197.353    196.500         25    35.0104    24.3808    21.4419    35.0114    24.3845    21.4314 0.0000e+00
      73140    118.000    118.833    21.5040   4.951725    21.4909   4.950761     2.3663     2.3266    99.2760     0.0291     4.6960 1.8313e-01      0.043     2.3092      98.63     -0.987          0          1    197.079    195.982         24    35.0102    24.3699    21.4809    35.0132    24.3758    21.4678 0.0000e+00
      73164    117.000    117.826    21.5440   4.955844    21.5288   4.954510     2.3630     2.3252    99.2760     0.0291     4.6960 1.8595e-01      0.043     2.2904      98.63     -1.011          0          1    196.251    195.452         24    35.0107    24.3592    21.5211    35.0124    24.3647    21.5059 0.0000e+00
      73189    116.000    116.819    21.5795   4.959420    21.5715   4.958883     2.3590     2.3207    99.2648     0.0295     4.6954 1.8713e-01      0.043     2.2499      98.63     -1.003          0          1    195.711    194.601         25    35.0105    24.3492    21.5567    35.0127    24.3531    21.5487 0.0000e+00
      73214    115.000    115.811    21.6038   4.961940    21.6015   4.961912     2.3556     2.3162    99.2502     0.0301     4.6947 1.9184e-01      0.043     2.2232      98.63     -0.960          0          1    195.380    194.141         26    35.0111    24.3429    21.5812    35.0127    24.3447    21.5789 0.0000e+00
      73242    114.000    114.804    21.6268   4.964287    21.6211   4.963903     2.3541     2.3130    99.2502     0.0301     4.6947 1.9513e-01      0.043     2.2046      98.63     -0.902          0          1    195.371    193.882         28    35.0113    24.3366    21.6044    35.0129    24.3394    21.5987 0.0000e+00
      73268    113.000    113.797    21.6548   4.967248    21.6439   4.966329     2.3540     2.3115    99.2502     0.0301     4.6947 1.9056e-01      0.043     2.1630      98.63     -0.892          0          1    195.366    193.883         25    35.0124    24.3296    21.6326    35.0139    24.3338    21.6217 0.0000e+00
      73292    112.000    112.789    21.6783   4.969664    21.6710   4.969138     2.3562     2.3120    99.2502     0.0301     4.6947 1.9497e-01      0.043     2.1223      98.63     -0.965          0          1    195.740    193.951         24    35.0127    24.3233    21.6562    35.0145    24.3267    21.6489 0.0000e+00
      73316    111.000    111.782    21.7101   4.973081    21.6994   4.972201     2.3590     2.3134    99.2344     0.0307     4.6940 2.0124e-01      0.043     2.0994      98.63     -1.013          0          1    195.898    194.098         24    35.0143    24.3157    21.6882    35.0160    24.3199    21.6775 0.0000e+00
      73341    110.000    110.775    21.7416   4.976419    21.7357   4.976053     2.3613     2.3155    99.2247     0.0311     4.6935 2.0507e-01      0.044     2.0583      98.63     -1.002          0          1    196.081    194.225         26    35.0155    24.3077    21.7199    35.0174    24.3108    21.7140 0.0000e+00
      73369    109.000    109.768    21.7718   4.979661    21.7621   4.978793     2.3668     2.3179    99.2236     0.0311     4.6935 2.1968e-01      0.045     2.0142      98.63     -0.915          0          1    196.580    194.444         30    35.0169    24.3004    21.7503    35.0179    24.3039    21.7406 0.0000e+00
      73402    108.000    108.760    21.8195   4.984678    21.8140   4.984502     2.3702     2.3225    99.1988     0.0322     4.6923 2.2710e-01      0.046     1.9705      98.63     -0.763          0          1    196.555    194.844         35    35.0182    24.2881    21.7981    35.0213    24.2919    21.7926 0.0000e+00
      73437    107.000    107.753    21.8311   4.985653    21.8457   4.987661     2.3734     2.3278    99.1985     0.0322     4.6923 2.2612e-01      0.049     1.9506      98.63     -0.676          0          1    196.910    195.142         34    35.0168    24.2837    21.8099    35.0208    24.2827    21.8245 0.0000e+00
      73470    106.000    106.745    21.9625   4.999912    21.9377   4.997671     2.3772     2.3292    99.2061     0.0319     4.6927 2.2714e-01      0.049     1.9619      98.63     -0.726          0          1    196.502    194.749         34    35.0231    24.2518    21.9414    35.0256    24.2606    21.9166 0.0000e+00
      73510    105.000    105.738    22.0203   5.005498    22.0167   5.005648     2.3743     2.3284    99.2190     0.0313     4.6933 2.4166e-01      0.045     1.9691      98.63     -0.630          0          1    195.834    194.081         49    35.0207    24.2337    21.9994    35.0248    24.2378    21.9958 0.0000e+00
      73576    104.000    104.731    22.0102   5.004623    21.9465   4.997489     2.3727     2.3258    99.1985     0.0322     4.6923 3.2040e-01      0.054     2.0280      98.63     -0.340          0          1    195.822    194.333         80    35.0223    24.2377    21.9895    35.0177    24.2520    21.9258 0.0000e+00
      73653    103.000    103.724    22.0272   5.006389    21.9959   5.003069     2.3766     2.3309    99.1737     0.0332     4.6911 3.1303e-01      0.101     2.0628      98.63     -0.330          0          1    196.287    194.822         74    35.0228    24.2333    22.0067    35.0220    24.2414    21.9754 0.0000e+00
      73741    102.000    102.716    22.1028   5.013910    22.0767   5.011680     2.3821     2.3375    99.1727     0.0332     4.6911 3.2806e-01      0.048     2.1129      98.63     -0.254          0          1    196.535    195.129        109    35.0211    24.2107    22.0824    35.0247    24.2208    22.0563 0.0000e+00
      73907    101.000    101.709    22.2112   5.025029    22.2016   5.023855     2.3799     2.3353    99.1617     0.0337     4.6906 3.2694e-01      0.206     2.1564      98.63     -0.212          0          1    195.892    194.449         87    35.0212    24.1803    22.1910    35.0197    24.1818    22.1814 0.0000e+00
      75647    100.000    100.702    22.3026   5.033600    22.2970   5.033347     2.3745     2.3301    99.0925     0.0365     4.6873 3.2931e-01      0.116     2.2465      43.99     -0.327          0          1    194.777    193.446        101    35.0149    24.1497    22.2825    35.0175    24.1532    22.2769 0.0000e+00
