CTDdata/C17M001.cnv
* Sea-Bird SBE 9 Data File:
* FileName = C:\MR1703C\CTDdata\C17M001.hdr
* Software Version Seasave V 7.23.2
* Temperature SN = 031464
* Conductivity SN = 041203
* Number of Bytes Per Scan = 41
* Number of Voltage Words = 4
* Number of Scans Averaged by the Deck Unit = 1
* NMEA Latitude = 28 57.44 N
* NMEA Longitude = 129 34.18 E
* NMEA UTC (Time) = Jun 09 2017 02:39:11
* NMEA baud rate = 4800
** Cruise: MR17-03C
** Station: C17
** Bottom Depth [m]: 779.0
** Operator: R.Kobayashi
# nquan = 29                                
# nvalues = 1540                        
# units = specified
# name 0 = scan: Scan Count
# name 1 = depSM: Depth [salt water, m]
# name 2 = prDM: Pressure, Digiquartz [db]
# name 3 = t090C: Temperature [ITS-90, deg C]
# name 4 = c0S/m: Conductivity [S/m]
# name 5 = t190C: Temperature, 2 [ITS-90, deg C]
# name 6 = c1S/m: Conductivity, 2 [S/m]
# name 7 = sbeox0V: Oxygen raw, SBE 43 [V]
# name 8 = sbeox1V: Oxygen raw, SBE 43, 2 [V]
# name 9 = CStarTr0: Beam Transmission, WET Labs C-Star [%]
# name 10 = CStarAt0: Beam Attenuation, WET Labs C-Star [1/m]
# name 11 = v4: Voltage 4
# name 12 = flSP: Fluorescence, Seapoint
# name 13 = seaTurbMtr: Turbidity, Seapoint [FTU]
# name 14 = wetCDOM: Fluorescence, WET Labs CDOM [mg/m^3]
# name 15 = altM: Altimeter [m]
# name 16 = dz/dtM: Descent Rate [m/s]
# name 17 = modError: Modulo Error Count
# name 18 = pumps: Pump Status
# name 19 = sbeox0Mm/Kg: Oxygen, SBE 43 [umol/kg], WS = 2
# name 20 = sbeox1Mm/Kg: Oxygen, SBE 43, 2 [umol/kg], WS = 2
# name 21 = nbin: number of scans per bin
# name 22 = sal00: Salinity, Practical [PSU]
# name 23 = sigma-é00: Density [sigma-theta, kg/m^3]
# name 24 = potemp090C: Potential Temperature [ITS-90, deg C]
# name 25 = sal11: Salinity, Practical, 2 [PSU]
# name 26 = sigma-é11: Density, 2 [sigma-theta, kg/m^3]
# name 27 = potemp190C: Potential Temperature, 2 [ITS-90, deg C]
# name 28 = flag: flag
# span 0 =      14510,      80909       
# span 1 =      1.000,    772.000       
# span 2 =      1.007,    778.686       
# span 3 =     4.1747,    25.5771       
# span 4 =   3.254926,   5.329395       
# span 5 =     4.1708,    25.5594       
# span 6 =   3.255009,   5.327960       
# span 7 =     0.9111,     2.5810       
# span 8 =     0.8863,     2.5251       
# span 9 =    97.4375,    99.8185       
# span 10 =     0.0073,     0.1038      
# span 11 =     4.6091,     4.7216      
# span 12 = 2.2542e-02, 9.1426e-01      
# span 13 =      0.004,      0.099      
# span 14 =    -0.7374,   412.0320      
# span 15 =       3.97,     102.74      
# span 16 =     -1.417,      1.202      
# span 17 =          0,          0      
# span 18 =          1,          1      
# span 19 =     67.508,    205.671      
# span 20 =     67.022,    204.269      
# span 21 =         17,        234      
# span 22 =    34.3244,    34.9900      
# span 23 =    22.9535,    27.2949      
# span 24 =     4.1162,    25.5769      
# span 25 =    34.3273,    34.9937      
# span 26 =    22.9612,    27.2995      
# span 27 =     4.1123,    25.5592      
# span 28 = 0.0000e+00, 0.0000e+00      
# interval = meters: 1                  
# start_time = Jun 09 2017 02:39:11 [NMEA time, header]
# bad_flag = -9.990e-29
*END*
[from data line 1251]
      62512    289.000    291.162    17.9552   4.573271    17.9558   4.573388     2.1065     2.0769    99.7151     0.0114     4.7167 3.9061e-02      0.031     4.5518      98.63     -1.108          0          1    185.379    184.550         23    34.7883    25.1332    17.9052    34.7888    25.1334    17.9058 0.0000e+00
      62535    288.000    290.153    17.9520   4.572925    17.9512   4.572855     2.1078     2.0780    99.7151     0.0114     4.7167 3.9072e-02      0.024     4.5522      98.63     -1.061          0          1    185.390    184.438         22    34.7885    25.1341    17.9022    34.7885    25.1343    17.9014 0.0000e+00
      62557    287.000    289.145    17.9626   4.574029    17.9627   4.574045     2.1088     2.0777    99.7151     0.0114     4.7167 3.9072e-02      0.024     4.5477      98.63     -1.068          0          1    185.654    184.355         22    34.7892    25.1320    17.9130    34.7893    25.1320    17.9131 0.0000e+00
      62578    286.000    288.137    17.9780   4.575695    17.9823   4.576274     2.1119     2.0787    99.7151     0.0114     4.7167 3.9072e-02      0.024     4.5238      98.63     -1.114          0          1    185.883    184.492         21    34.7907    25.1293    17.9285    34.7920    25.1293    17.9328 0.0000e+00
      62599    285.000    287.129    18.0242   4.580692    18.0297   4.581427     2.1122     2.0793    99.7151     0.0114     4.7167 3.9072e-02      0.030     4.4946      98.63     -1.142          0          1    185.542    184.244         21    34.7944    25.1208    17.9748    34.7960    25.1206    17.9803 0.0000e+00
      62621    284.000    286.121    18.0475   4.583056    18.0488   4.583247     2.1137     2.0794    99.7151     0.0114     4.7167 3.9072e-02      0.031     4.4519      98.63     -1.125          0          1    185.629    184.236         23    34.7951    25.1155    17.9982    34.7956    25.1156    17.9995 0.0000e+00
      62644    283.000    285.112    18.0548   4.583840    18.0553   4.583907     2.1139     2.0802    99.7151     0.0114     4.7167 3.9072e-02      0.026     4.4373      98.63     -1.077          0          1    185.523    184.284         23    34.7959    25.1143    18.0057    34.7961    25.1143    18.0062 0.0000e+00
      62667    282.000    284.104    18.0630   4.584715    18.0624   4.584659     2.1149     2.0812    99.7127     0.0115     4.7166 3.9072e-02      0.027     4.4349      98.63     -1.062          0          1    185.900    184.530         22    34.7968    25.1129    18.0141    34.7968    25.1131    18.0135 0.0000e+00
      62689    281.000    283.096    18.1031   4.589167    18.1009   4.589045     2.1185     2.0833    99.6890     0.0124     4.7155 3.9072e-02      0.030     4.4261      98.63     -1.080          0          1    186.440    184.855         22    34.8009    25.1062    18.0543    34.8018    25.1074    18.0521 0.0000e+00
      62711    280.000    282.088    18.1872   4.598226    18.1731   4.597065     2.1222     2.0868    99.6892     0.0124     4.7155 3.9072e-02      0.028     4.4053      98.63     -1.092          0          1    186.254    185.000         23    34.8069    25.0900    18.1384    34.8090    25.0951    18.1243 0.0000e+00
      62734    279.000    281.080    18.2530   4.605349    18.2509   4.605330     2.1234     2.0893    99.6892     0.0124     4.7155 3.9072e-02      0.029     4.4086      98.63     -1.070          0          1    185.964    184.784         23    34.8119    25.0775    18.2042    34.8135    25.0793    18.2021 0.0000e+00
      62757    278.000    280.072    18.3045   4.610885    18.2967   4.610090     2.1250     2.0906    99.6892     0.0124     4.7155 3.9072e-02      0.031     4.4065      98.63     -1.048          0          1    186.066    184.699         23    34.8155    25.0675    18.2558    34.8154    25.0693    18.2480 0.0000e+00
      62780    277.000    279.064    18.3311   4.613663    18.3315   4.613909     2.1275     2.0924    99.6892     0.0124     4.7155 3.9072e-02      0.031     4.3766      98.63     -1.052          0          1    186.339    184.878         22    34.8169    25.0619    18.2825    34.8186    25.0631    18.2829 0.0000e+00
      62802    276.000    278.056    18.3753   4.618585    18.3724   4.618315     2.1300     2.0947    99.6892     0.0124     4.7155 3.9072e-02      0.026     4.3650      98.63     -1.082          0          1    186.401    185.043         22    34.8215    25.0543    18.3268    34.8216    25.0552    18.3239 0.0000e+00
      62823    275.000    277.047    18.3969   4.620723    18.3979   4.620919     2.1322     2.0972    99.7103     0.0116     4.7165 3.9072e-02      0.025     4.3792      98.63     -1.114          0          1    186.328    185.208         21    34.8216    25.0491    18.3486    34.8224    25.0494    18.3496 0.0000e+00
      62844    274.000    276.039    18.4119   4.622288    18.4102   4.622175     2.1321     2.0991    99.7126     0.0115     4.7166 3.9072e-02      0.031     4.4006      98.63     -1.142          0          1    186.171    185.198         21    34.8225    25.0460    18.3637    34.8230    25.0468    18.3620 0.0000e+00
      62865    273.000    275.031    18.4270   4.623853    18.4268   4.623916     2.1334     2.0997    99.7041     0.0118     4.7162 3.9589e-02      0.031     4.4110      98.63     -1.165          0          1    186.411    184.945         21    34.8233    25.0428    18.3790    34.8240    25.0434    18.3788 0.0000e+00
      62886    272.000    274.023    18.4391   4.625066    18.4383   4.625026     2.1349     2.0992    99.7080     0.0117     4.7164 3.9078e-02      0.031     4.4206      98.63     -1.150          0          1    186.303    184.764         22    34.8237    25.0400    18.3912    34.8241    25.0405    18.3904 0.0000e+00
      62909    271.000    273.015    18.4443   4.625572    18.4450   4.625687     2.1339     2.0993    99.7150     0.0114     4.7167 3.9072e-02      0.031     4.4215      98.63     -1.106          0          1    185.815    184.882         23    34.8240    25.0389    18.3966    34.8243    25.0390    18.3973 0.0000e+00
      62931    270.000    272.007    18.4528   4.626420    18.4533   4.626513     2.1320     2.1003    99.7093     0.0116     4.7164 4.0114e-02      0.031     4.4426      98.63     -1.072          0          1    185.719    185.023         22    34.8243    25.0370    18.4052    34.8247    25.0371    18.4057 0.0000e+00
      62953    269.000    270.999    18.4604   4.627150    18.4608   4.627236     2.1325     2.1013    99.6892     0.0124     4.7155 4.0293e-02      0.030     4.4730      98.63     -1.092          0          1    186.002    185.028         20    34.8244    25.0351    18.4130    34.8248    25.0353    18.4134 0.0000e+00
      62973    268.000    269.990    18.4732   4.628541    18.4734   4.628601     2.1340     2.1015    99.6892     0.0124     4.7155 4.0293e-02      0.024     4.4986      98.63     -1.163          0          1    186.246    185.073         20    34.8257    25.0328    18.4260    34.8260    25.0331    18.4262 0.0000e+00
      62993    267.000    268.983    18.4880   4.630066    18.4859   4.629859     2.1358     2.1034    99.6892     0.0124     4.7155 4.0293e-02      0.024     4.5169      98.63     -1.194          0          1    186.252    185.291         22    34.8264    25.0297    18.4409    34.8264    25.0302    18.4388 0.0000e+00
      63017    266.000    267.974    18.4963   4.630880    18.4951   4.630778     2.1362     2.1044    99.6892     0.0124     4.7155 4.0293e-02      0.025     4.5103      98.63     -1.103          0          1    186.111    185.229         26    34.8266    25.0277    18.4494    34.8268    25.0281    18.4482 0.0000e+00
      63043    265.000    266.966    18.5005   4.631290    18.4988   4.631119     2.1368     2.1050    99.6892     0.0124     4.7155 4.1043e-02      0.027     4.5119      98.63     -0.951          0          1    186.137    185.202         26    34.8269    25.0268    18.4537    34.8269    25.0273    18.4520 0.0000e+00
      63068    264.000    265.958    18.5121   4.632511    18.5097   4.632242     2.1368     2.1057    99.6892     0.0124     4.7155 4.0289e-02      0.028     4.5278      98.63     -0.933          0          1    186.179    185.236         23    34.8278    25.0245    18.4655    34.8275    25.0250    18.4631 0.0000e+00
      63090    263.000    264.950    18.5171   4.632976    18.5173   4.632993     2.1385     2.1060    99.6892     0.0124     4.7155 4.0293e-02      0.031     4.5399      98.63     -1.043          0          1    186.510    185.151         20    34.8278    25.0233    18.4707    34.8278    25.0232    18.4709 0.0000e+00
      63109    262.000    263.942    18.5190   4.633138    18.5190   4.633103     2.1404     2.1059    99.6892     0.0124     4.7155 4.0293e-02      0.031     4.5291      98.63     -1.160          0          1    186.585    185.078         20    34.8280    25.0229    18.4727    34.8277    25.0227    18.4727 0.0000e+00
      63130    261.000    262.934    18.5214   4.633372    18.5219   4.633393     2.1408     2.1061    99.6892     0.0124     4.7155 4.0293e-02      0.027     4.5339      98.63     -1.216          0          1    186.467    185.271         20    34.8283    25.0225    18.4753    34.8280    25.0222    18.4758 0.0000e+00
      63151    260.000    261.926    18.5251   4.633717    18.5256   4.633750     2.1416     2.1081    99.6892     0.0124     4.7155 4.0293e-02      0.026     4.5552      98.63     -1.182          0          1    186.514    185.553         22    34.8284    25.0216    18.4792    34.8283    25.0214    18.4797 0.0000e+00
      63173    259.000    260.918    18.5276   4.633928    18.5280   4.633948     2.1416     2.1092    99.6892     0.0124     4.7155 4.0293e-02      0.024     4.5683      98.63     -1.111          0          1    186.596    185.544         23    34.8285    25.0210    18.4819    34.8283    25.0207    18.4823 0.0000e+00
      63196    258.000    259.910    18.5284   4.633975    18.5285   4.633957     2.1434     2.1101    99.6892     0.0124     4.7155 4.0293e-02      0.027     4.5609      98.63     -1.075          0          1    186.848    185.536         22    34.8285    25.0208    18.4828    34.8283    25.0206    18.4829 0.0000e+00
      63217    257.000    258.902    18.5300   4.634103    18.5305   4.634119     2.1445     2.1102    99.6892     0.0124     4.7155 4.0293e-02      0.031     4.5452      98.63     -1.095          0          1    186.934    185.549         22    34.8286    25.0204    18.4846    34.8283    25.0201    18.4851 0.0000e+00
      63239    256.000    257.894    18.5396   4.635197    18.5370   4.634916     2.1468     2.1119    99.6892     0.0124     4.7155 4.0293e-02      0.026     4.5300      98.63     -1.112          0          1    187.292    185.957         21    34.8301    25.0191    18.4944    34.8299    25.0196    18.4918 0.0000e+00
      63260    255.000    256.886    18.5978   4.641613    18.5939   4.641189     2.1491     2.1141    99.6892     0.0124     4.7155 4.0293e-02      0.026     4.5277      98.63     -1.124          0          1    187.307    186.060         21    34.8354    25.0085    18.5526    34.8351    25.0093    18.5488 0.0000e+00
      63281    254.000    255.878    18.6414   4.646194    18.6327   4.645346     2.1513     2.1168    99.6892     0.0124     4.7155 4.0293e-02      0.028     4.5377      98.63     -1.148          0          1    187.335    186.137         21    34.8375    24.9992    18.5964    34.8377    25.0015    18.5877 0.0000e+00
      63302    253.000    254.870    18.6619   4.648435    18.6573   4.647976     2.1530     2.1182    99.6892     0.0124     4.7155 4.0293e-02      0.031     4.5431      98.63     -1.166          0          1    187.229    186.000         21    34.8394    24.9954    18.6170    34.8394    24.9966    18.6124 0.0000e+00
      63323    252.000    253.862    18.7056   4.653072    18.7044   4.653156     2.1532     2.1191    99.6880     0.0124     4.7154 4.0293e-02      0.031     4.5584      98.63     -1.154          0          1    186.990    186.007         22    34.8419    24.9863    18.6608    34.8436    24.9879    18.6596 0.0000e+00
      63347    251.000    252.854    18.7306   4.655779    18.7257   4.655284     2.1536     2.1212    99.6788     0.0128     4.7150 4.0639e-02      0.031     4.5251      98.63     -1.072          0          1    186.864    186.159         25    34.8439    24.9815    18.6859    34.8439    24.9827    18.6810 0.0000e+00
      63373    250.000    251.846    18.7522   4.658016    18.7490   4.657794     2.1536     2.1226    99.6633     0.0135     4.7143 4.1522e-02      0.027     4.5153      98.63     -0.972          0          1    186.923    186.173         26    34.8449    24.9767    18.7077    34.8457    24.9782    18.7045 0.0000e+00
      63396    249.000    250.838    18.7956   4.662800    18.7861   4.661915     2.1558     2.1243    99.6634     0.0135     4.7143 4.2400e-02      0.024     4.5151      98.63     -0.971          0          1    187.326    186.256         21    34.8488    24.9688    18.7512    34.8494    24.9716    18.7417 0.0000e+00
      63417    248.000    249.830    18.8496   4.668657    18.8442   4.668191     2.1591     2.1257    99.6634     0.0135     4.7143 4.2741e-02      0.025     4.5117      98.63     -1.084          0          1    187.599    186.187         20    34.8528    24.9581    18.8053    34.8534    24.9600    18.7999 0.0000e+00
      63436    247.000    248.822    18.9017   4.674316    18.8961   4.673898     2.1624     2.1271    99.6634     0.0135     4.7143 4.2735e-02      0.031     4.5142      98.63     -1.208          0          1    187.480    186.216         19    34.8567    24.9479    18.8575    34.8579    24.9502    18.8519 0.0000e+00
      63455    246.000    247.814    18.9453   4.678930    18.9383   4.678372     2.1626     2.1289    99.6634     0.0135     4.7143 4.3097e-02      0.031     4.5147      98.63     -1.260          0          1    186.900    186.251         20    34.8590    24.9385    18.9012    34.8602    24.9412    18.8942 0.0000e+00
      63476    245.000    246.806    18.9690   4.681456    18.9655   4.681165     2.1615     2.1306    99.6634     0.0135     4.7143 4.3936e-02      0.031     4.5010      98.63     -1.226          0          1    186.858    186.233         22    34.8605    24.9337    18.9250    34.8610    24.9349    18.9215 0.0000e+00
      63499    244.000    245.798    18.9887   4.683525    18.9856   4.683294     2.1632     2.1317    99.6634     0.0135     4.7143 4.3956e-02      0.031     4.4757      98.63     -1.118          0          1    187.076    186.176         24    34.8616    24.9294    18.9449    34.8623    24.9308    18.9418 0.0000e+00
      63524    243.000    244.790    19.0013   4.684790    19.0010   4.684813     2.1643     2.1321    99.6634     0.0135     4.7143 4.3956e-02      0.030     4.4564      98.63     -1.013          0          1    187.025    186.004         24    34.8620    24.9265    18.9576    34.8624    24.9269    18.9573 0.0000e+00
      63548    242.000    243.782    19.0046   4.685115    19.0051   4.685165     2.1645     2.1318    99.6634     0.0135     4.7143 4.3956e-02      0.030     4.4273      98.63     -0.987          0          1    187.054    185.885         23    34.8623    24.9258    18.9611    34.8623    24.9257    18.9616 0.0000e+00
      63569    241.000    242.774    19.0070   4.685305    19.0069   4.685303     2.1661     2.1315    99.6634     0.0135     4.7143 4.3956e-02      0.031     4.3862      98.63     -1.043          0          1    187.293    185.953         21    34.8622    24.9251    18.9637    34.8623    24.9252    18.9636 0.0000e+00
