CTDdata/C17M001.cnv
* Sea-Bird SBE 9 Data File:
* FileName = C:\MR1703C\CTDdata\C17M001.hdr
* Software Version Seasave V 7.23.2
* Temperature SN = 031464
* Conductivity SN = 041203
* Number of Bytes Per Scan = 41
* Number of Voltage Words = 4
* Number of Scans Averaged by the Deck Unit = 1
* NMEA Latitude = 28 57.44 N
* NMEA Longitude = 129 34.18 E
* NMEA UTC (Time) = Jun 09 2017 02:39:11
* NMEA baud rate = 4800
** Cruise: MR17-03C
** Station: C17
** Bottom Depth [m]: 779.0
** Operator: R.Kobayashi
# nquan = 29                                
# nvalues = 1540                        
# units = specified
# name 0 = scan: Scan Count
# name 1 = depSM: Depth [salt water, m]
# name 2 = prDM: Pressure, Digiquartz [db]
# name 3 = t090C: Temperature [ITS-90, deg C]
# name 4 = c0S/m: Conductivity [S/m]
# name 5 = t190C: Temperature, 2 [ITS-90, deg C]
# name 6 = c1S/m: Conductivity, 2 [S/m]
# name 7 = sbeox0V: Oxygen raw, SBE 43 [V]
# name 8 = sbeox1V: Oxygen raw, SBE 43, 2 [V]
# name 9 = CStarTr0: Beam Transmission, WET Labs C-Star [%]
# name 10 = CStarAt0: Beam Attenuation, WET Labs C-Star [1/m]
# name 11 = v4: Voltage 4
# name 12 = flSP: Fluorescence, Seapoint
# name 13 = seaTurbMtr: Turbidity, Seapoint [FTU]
# name 14 = wetCDOM: Fluorescence, WET Labs CDOM [mg/m^3]
# name 15 = altM: Altimeter [m]
# name 16 = dz/dtM: Descent Rate [m/s]
# name 17 = modError: Modulo Error Count
# name 18 = pumps: Pump Status
# name 19 = sbeox0Mm/Kg: Oxygen, SBE 43 [umol/kg], WS = 2
# name 20 = sbeox1Mm/Kg: Oxygen, SBE 43, 2 [umol/kg], WS = 2
# name 21 = nbin: number of scans per bin
# name 22 = sal00: Salinity, Practical [PSU]
# name 23 = sigma-é00: Density [sigma-theta, kg/m^3]
# name 24 = potemp090C: Potential Temperature [ITS-90, deg C]
# name 25 = sal11: Salinity, Practical, 2 [PSU]
# name 26 = sigma-é11: Density, 2 [sigma-theta, kg/m^3]
# name 27 = potemp190C: Potential Temperature, 2 [ITS-90, deg C]
# name 28 = flag: flag
# span 0 =      14510,      80909       
# span 1 =      1.000,    772.000       
# span 2 =      1.007,    778.686       
# span 3 =     4.1747,    25.5771       
# span 4 =   3.254926,   5.329395       
# span 5 =     4.1708,    25.5594       
# span 6 =   3.255009,   5.327960       
# span 7 =     0.9111,     2.5810       
# span 8 =     0.8863,     2.5251       
# span 9 =    97.4375,    99.8185       
# span 10 =     0.0073,     0.1038      
# span 11 =     4.6091,     4.7216      
# span 12 = 2.2542e-02, 9.1426e-01      
# span 13 =      0.004,      0.099      
# span 14 =    -0.7374,   412.0320      
# span 15 =       3.97,     102.74      
# span 16 =     -1.417,      1.202      
# span 17 =          0,          0      
# span 18 =          1,          1      
# span 19 =     67.508,    205.671      
# span 20 =     67.022,    204.269      
# span 21 =         17,        234      
# span 22 =    34.3244,    34.9900      
# span 23 =    22.9535,    27.2949      
# span 24 =     4.1162,    25.5769      
# span 25 =    34.3273,    34.9937      
# span 26 =    22.9612,    27.2995      
# span 27 =     4.1123,    25.5592      
# span 28 = 0.0000e+00, 0.0000e+00      
# interval = meters: 1                  
# start_time = Jun 09 2017 02:39:11 [NMEA time, header]
# bad_flag = -9.990e-29
*END*
[from data line 1201]
      61368    339.000    341.577    16.8541   4.456798    16.8477   4.456412     2.0458     2.0181    99.7409     0.0104     4.7179 3.7851e-02      0.024     4.7315      98.63     -1.182          0          1    183.657    183.012         20    34.7079    25.3378    16.7980    34.7100    25.3410    16.7916 0.0000e+00
      61387    338.000    340.569    16.9162   4.463797    16.9073   4.463147     2.0488     2.0214    99.7409     0.0104     4.7179 3.8056e-02      0.024     4.7157      98.63     -1.212          0          1    183.843    183.075         18    34.7158    25.3292    16.8601    34.7178    25.3328    16.8512 0.0000e+00
      61405    337.000    339.560    17.0033   4.472799    16.9916   4.472054     2.0519     2.0236    99.7409     0.0104     4.7179 3.7850e-02      0.024     4.7090      98.63     -1.286          0          1    183.994    182.935         19    34.7195    25.3115    16.9472    34.7231    25.3170    16.9355 0.0000e+00
      61424    336.000    338.552    17.0324   4.476034    17.0289   4.475869     2.0562     2.0258    99.7409     0.0104     4.7179 3.7851e-02      0.024     4.7021      98.63     -1.298          0          1    184.181    182.945         19    34.7230    25.3072    16.9764    34.7246    25.3093    16.9729 0.0000e+00
      61444    335.000    337.543    17.0894   4.481994    17.0786   4.481183     2.0576     2.0275    99.7409     0.0104     4.7179 3.7144e-02      0.024     4.6882      98.63     -1.251          0          1    183.599    182.955         21    34.7261    25.2961    17.0334    34.7284    25.3004    17.0226 0.0000e+00
      61466    334.000    336.535    17.1019   4.483206    17.1006   4.483271     2.0573     2.0302    99.7409     0.0104     4.7179 3.7411e-02      0.024     4.6537      98.63     -1.176          0          1    183.552    183.260         22    34.7263    25.2932    17.0460    34.7279    25.2948    17.0447 0.0000e+00
      61489    333.000    335.527    17.1157   4.484697    17.1138   4.484664     2.0595     2.0325    99.7409     0.0104     4.7179 3.7756e-02      0.024     4.6343      98.63     -1.085          0          1    184.152    183.440         24    34.7277    25.2910    17.0600    34.7291    25.2925    17.0581 0.0000e+00
      61511    332.000    334.518    17.1725   4.490826    17.1575   4.489550     2.0632     2.0355    99.7409     0.0104     4.7179 3.7676e-02      0.024     4.6164      98.63     -1.052          0          1    184.531    183.599         21    34.7324    25.2811    17.1168    34.7343    25.2861    17.1018 0.0000e+00
      61532    331.000    333.510    17.2485   4.498994    17.2373   4.498228     2.0668     2.0372    99.7409     0.0104     4.7179 3.7853e-02      0.024     4.6051      98.63     -1.121          0          1    184.329    183.444         20    34.7383    25.2675    17.1928    34.7413    25.2724    17.1816 0.0000e+00
      61552    330.000    332.501    17.2787   4.502067    17.2772   4.502143     2.0669     2.0394    99.7409     0.0104     4.7179 3.7851e-02      0.024     4.5766      98.63     -1.189          0          1    183.933    183.514         21    34.7394    25.2610    17.2231    34.7413    25.2629    17.2216 0.0000e+00
      61573    329.000    331.493    17.2878   4.502970    17.2843   4.502763     2.0681     2.0411    99.7409     0.0104     4.7179 3.7851e-02      0.024     4.5327      98.63     -1.174          0          1    184.241    183.622         23    34.7398    25.2591    17.2324    34.7410    25.2609    17.2289 0.0000e+00
      61597    328.000    330.484    17.3049   4.504801    17.2980   4.504221     2.0702     2.0426    99.7409     0.0104     4.7179 3.7851e-02      0.024     4.5138      98.63     -1.083          0          1    184.276    183.516         24    34.7413    25.2562    17.2496    34.7422    25.2585    17.2427 0.0000e+00
      61621    327.000    329.476    17.3213   4.506452    17.3170   4.506157     2.0707     2.0426    99.7409     0.0104     4.7179 3.7851e-02      0.024     4.5072      98.63     -1.011          0          1    184.165    183.306         23    34.7419    25.2526    17.2661    34.7430    25.2545    17.2618 0.0000e+00
      61644    326.000    328.468    17.3439   4.508858    17.3391   4.508526     2.0716     2.0428    99.7409     0.0104     4.7179 3.7851e-02      0.024     4.5162      98.63     -1.019          0          1    184.202    183.343         23    34.7437    25.2486    17.2888    34.7449    25.2507    17.2841 0.0000e+00
      61667    325.000    327.459    17.3630   4.510830    17.3584   4.510481     2.0727     2.0438    99.7409     0.0104     4.7179 3.7851e-02      0.024     4.5425      98.63     -1.047          0          1    184.318    183.470         23    34.7447    25.2447    17.3081    34.7456    25.2466    17.3035 0.0000e+00
      61690    324.000    326.451    17.3790   4.512502    17.3730   4.512006     2.0741     2.0450    99.7409     0.0104     4.7179 3.7851e-02      0.025     4.5528      98.63     -1.051          0          1    184.396    183.539         23    34.7458    25.2417    17.3242    34.7467    25.2438    17.3182 0.0000e+00
      61713    323.000    325.443    17.3874   4.513353    17.3824   4.512883     2.0755     2.0461    99.7409     0.0104     4.7179 3.7851e-02      0.031     4.5686      98.63     -1.058          0          1    184.519    183.553         23    34.7463    25.2401    17.3328    34.7465    25.2414    17.3278 0.0000e+00
      61737    322.000    324.434    17.4126   4.516051    17.4051   4.515383     2.0769     2.0469    99.7409     0.0104     4.7179 3.7851e-02      0.031     4.5765      98.63     -1.045          0          1    184.540    183.607         25    34.7484    25.2356    17.3581    34.7490    25.2379    17.3506 0.0000e+00
      61763    321.000    323.426    17.4284   4.517600    17.4245   4.517305     2.0783     2.0483    99.7409     0.0104     4.7179 3.7851e-02      0.026     4.5578      98.63     -0.956          0          1    184.638    183.634         28    34.7486    25.2319    17.3740    34.7494    25.2334    17.3701 0.0000e+00
      61792    320.000    322.418    17.4312   4.517907    17.4284   4.517616     2.0798     2.0487    99.7409     0.0104     4.7179 3.7851e-02      0.026     4.5479      98.63     -0.862          0          1    184.695    183.539         30    34.7492    25.2316    17.3770    34.7491    25.2322    17.3742 0.0000e+00
      61823    319.000    321.409    17.4390   4.518646    17.4362   4.518422     2.0798     2.0495    99.7409     0.0104     4.7179 3.6867e-02      0.024     4.5466      98.63     -0.800          0          1    184.490    183.617         30    34.7493    25.2298    17.3849    34.7497    25.2308    17.3821 0.0000e+00
      61850    318.000    320.401    17.4437   4.519100    17.4434   4.519104     2.0807     2.0489    99.7409     0.0104     4.7179 3.7850e-02      0.025     4.5430      98.63     -0.846          0          1    184.721    183.245         25    34.7495    25.2288    17.3898    34.7498    25.2291    17.3895 0.0000e+00
      61875    317.000    319.393    17.4460   4.519284    17.4458   4.519302     2.0813     2.0483    99.7409     0.0104     4.7179 3.7851e-02      0.031     4.5503      98.63     -0.944          0          1    184.649    183.390         24    34.7495    25.2282    17.3923    34.7499    25.2285    17.3921 0.0000e+00
      61897    316.000    318.384    17.4470   4.519337    17.4456   4.519207     2.0812     2.0495    99.7409     0.0104     4.7179 3.7851e-02      0.028     4.5567      98.63     -1.021          0          1    184.505    183.591         22    34.7495    25.2279    17.3934    34.7496    25.2283    17.3920 0.0000e+00
      61920    315.000    317.376    17.4494   4.519540    17.4487   4.519502     2.0808     2.0499    99.7409     0.0104     4.7179 3.7851e-02      0.024     4.5764      98.63     -1.076          0          1    184.514    183.499         22    34.7496    25.2273    17.3960    34.7499    25.2277    17.3953 0.0000e+00
      61942    314.000    316.368    17.4504   4.519593    17.4498   4.519545     2.0812     2.0504    99.7409     0.0104     4.7179 3.7851e-02      0.024     4.5929      98.63     -1.087          0          1    184.494    183.556         24    34.7496    25.2270    17.3972    34.7497    25.2273    17.3966 0.0000e+00
      61967    313.000    315.359    17.4518   4.519708    17.4511   4.519643     2.0806     2.0504    99.7409     0.0104     4.7179 3.7851e-02      0.024     4.5722      98.63     -1.022          0          1    184.316    183.406         25    34.7497    25.2268    17.3987    34.7498    25.2270    17.3980 0.0000e+00
      61992    312.000    314.351    17.4600   4.520579    17.4574   4.520316     2.0804     2.0506    99.7409     0.0104     4.7179 3.7851e-02      0.028     4.5487      98.63     -0.970          0          1    184.525    183.544         24    34.7506    25.2254    17.4071    34.7505    25.2260    17.4045 0.0000e+00
      62016    311.000    313.343    17.4782   4.522471    17.4754   4.522256     2.0824     2.0517    99.7376     0.0105     4.7177 3.7851e-02      0.031     4.5708      98.63     -0.983          0          1    184.765    183.567         24    34.7517    25.2219    17.4254    34.7522    25.2230    17.4226 0.0000e+00
      62039    310.000    312.335    17.4891   4.523600    17.4882   4.523550     2.0836     2.0514    99.7345     0.0106     4.7176 3.7851e-02      0.029     4.5843      98.63     -1.024          0          1    184.689    183.371         24    34.7525    25.2198    17.4365    34.7528    25.2203    17.4356 0.0000e+00
      62062    309.000    311.326    17.4950   4.524204    17.4940   4.524119     2.0838     2.0522    99.7409     0.0104     4.7179 3.8128e-02      0.027     4.5790      98.63     -1.035          0          1    184.633    183.681         22    34.7530    25.2187    17.4425    34.7531    25.2191    17.4415 0.0000e+00
      62085    308.000    310.318    17.5031   4.525053    17.5006   4.524798     2.0847     2.0541    99.7159     0.0114     4.7167 3.8579e-02      0.031     4.5794      98.63     -1.060          0          1    184.774    183.836         22    34.7537    25.2173    17.4508    34.7537    25.2179    17.4483 0.0000e+00
      62106    307.000    309.310    17.5263   4.527609    17.5231   4.527340     2.0858     2.0546    99.7151     0.0114     4.7167 3.7857e-02      0.028     4.5954      98.63     -1.103          0          1    184.712    183.584         22    34.7563    25.2136    17.4741    34.7567    25.2147    17.4709 0.0000e+00
      62129    306.000    308.302    17.5491   4.529923    17.5489   4.529974     2.0855     2.0548    99.7273     0.0109     4.7173 3.8376e-02      0.029     4.6118      98.63     -1.113          0          1    184.489    183.606         23    34.7571    25.2087    17.4970    34.7577    25.2092    17.4968 0.0000e+00
      62154    305.000    307.293    17.5498   4.529968    17.5498   4.529986     2.0863     2.0563    99.7410     0.0104     4.7179 3.9077e-02      0.030     4.6134      98.63     -1.017          0          1    184.813    183.877         24    34.7572    25.2086    17.4979    34.7574    25.2087    17.4979 0.0000e+00
      62178    304.000    306.285    17.5677   4.531981    17.5575   4.530938     2.0885     2.0577    99.7350     0.0106     4.7176 3.8517e-02      0.027     4.6022      98.63     -0.979          0          1    185.046    184.015         22    34.7596    25.2061    17.5159    34.7593    25.2083    17.5058 0.0000e+00
      62200    303.000    305.277    17.6208   4.537704    17.6136   4.536972     2.0902     2.0594    99.7149     0.0114     4.7167 3.7525e-02      0.026     4.5953      98.63     -1.046          0          1    185.124    184.033         23    34.7638    25.1964    17.5691    34.7636    25.1980    17.5619 0.0000e+00
      62222    302.000    304.269    17.6507   4.540813    17.6515   4.541093     2.0932     2.0613    99.7151     0.0114     4.7167 3.6630e-02      0.027     4.5993      98.63     -1.082          0          1    185.322    184.072         21    34.7653    25.1903    17.5991    34.7670    25.1914    17.5999 0.0000e+00
      62243    301.000    303.260    17.6720   4.543094    17.6732   4.543298     2.0945     2.0623    99.7151     0.0114     4.7167 3.7427e-02      0.025     4.5856      98.63     -1.131          0          1    185.192    183.938         20    34.7671    25.1864    17.6205    34.7678    25.1867    17.6217 0.0000e+00
      62263    300.000    302.252    17.6822   4.544194    17.6823   4.544219     2.0955     2.0627    99.7151     0.0114     4.7167 3.7845e-02      0.031     4.5930      98.63     -1.183          0          1    185.094    183.903         22    34.7682    25.1848    17.6309    34.7683    25.1848    17.6310 0.0000e+00
      62287    299.000    301.244    17.7102   4.547167    17.7080   4.547017     2.0951     2.0634    99.7151     0.0114     4.7167 3.7851e-02      0.031     4.6159      98.63     -1.100          0          1    184.746    183.891         26    34.7701    25.1794    17.6590    34.7707    25.1804    17.6568 0.0000e+00
      62314    298.000    300.235    17.7082   4.546817    17.7075   4.546792     2.0941     2.0645    99.7151     0.0114     4.7167 3.7851e-02      0.031     4.6320      98.63     -0.922          0          1    184.737    184.079         27    34.7692    25.1792    17.6572    34.7696    25.1796    17.6565 0.0000e+00
      62340    297.000    299.227    17.7277   4.548950    17.7221   4.548402     2.0954     2.0656    99.7151     0.0114     4.7167 3.7851e-02      0.028     4.6590      98.63     -0.897          0          1    185.131    183.988         24    34.7712    25.1759    17.6768    34.7713    25.1774    17.6712 0.0000e+00
      62363    296.000    298.219    17.7340   4.549583    17.7336   4.549583     2.0979     2.0655    99.7151     0.0114     4.7167 3.7851e-02      0.024     4.6556      98.63     -1.001          0          1    185.385    183.945         23    34.7717    25.1747    17.6833    34.7720    25.1751    17.6829 0.0000e+00
      62385    295.000    297.211    17.7459   4.550814    17.7447   4.550724     2.0992     2.0665    99.7151     0.0114     4.7167 3.7851e-02      0.024     4.6059      98.63     -1.081          0          1    185.453    184.253         21    34.7724    25.1724    17.6953    34.7727    25.1728    17.6941 0.0000e+00
      62406    294.000    296.203    17.7762   4.554342    17.7553   4.551911     2.1020     2.0689    99.7151     0.0114     4.7167 3.7851e-02      0.031     4.6043      98.63     -1.118          0          1    185.712    184.511         21    34.7772    25.1686    17.7257    34.7742    25.1714    17.7049 0.0000e+00
      62426    293.000    295.194    17.8682   4.564070    17.8481   4.561843     2.1035     2.0703    99.7151     0.0114     4.7167 3.7851e-02      0.031     4.6069      98.63     -1.163          0          1    185.418    184.332         20    34.7823    25.1501    17.8177    34.7804    25.1535    17.7977 0.0000e+00
      62447    292.000    294.186    17.9013   4.567664    17.9032   4.568132     2.1050     2.0727    99.7151     0.0114     4.7167 3.7909e-02      0.031     4.5951      98.63     -1.188          0          1    185.346    184.402         21    34.7852    25.1442    17.8509    34.7876    25.1455    17.8528 0.0000e+00
      62468    291.000    293.178    17.9286   4.570520    17.9304   4.570801     2.1054     2.0740    99.7151     0.0114     4.7167 3.7966e-02      0.031     4.5746      98.63     -1.176          0          1    185.116    184.292         21    34.7867    25.1386    17.8783    34.7876    25.1388    17.8801 0.0000e+00
