CTDdata/C17M001.cnv
* Sea-Bird SBE 9 Data File:
* FileName = C:\MR1703C\CTDdata\C17M001.hdr
* Software Version Seasave V 7.23.2
* Temperature SN = 031464
* Conductivity SN = 041203
* Number of Bytes Per Scan = 41
* Number of Voltage Words = 4
* Number of Scans Averaged by the Deck Unit = 1
* NMEA Latitude = 28 57.44 N
* NMEA Longitude = 129 34.18 E
* NMEA UTC (Time) = Jun 09 2017 02:39:11
* NMEA baud rate = 4800
** Cruise: MR17-03C
** Station: C17
** Bottom Depth [m]: 779.0
** Operator: R.Kobayashi
# nquan = 29                                
# nvalues = 1540                        
# units = specified
# name 0 = scan: Scan Count
# name 1 = depSM: Depth [salt water, m]
# name 2 = prDM: Pressure, Digiquartz [db]
# name 3 = t090C: Temperature [ITS-90, deg C]
# name 4 = c0S/m: Conductivity [S/m]
# name 5 = t190C: Temperature, 2 [ITS-90, deg C]
# name 6 = c1S/m: Conductivity, 2 [S/m]
# name 7 = sbeox0V: Oxygen raw, SBE 43 [V]
# name 8 = sbeox1V: Oxygen raw, SBE 43, 2 [V]
# name 9 = CStarTr0: Beam Transmission, WET Labs C-Star [%]
# name 10 = CStarAt0: Beam Attenuation, WET Labs C-Star [1/m]
# name 11 = v4: Voltage 4
# name 12 = flSP: Fluorescence, Seapoint
# name 13 = seaTurbMtr: Turbidity, Seapoint [FTU]
# name 14 = wetCDOM: Fluorescence, WET Labs CDOM [mg/m^3]
# name 15 = altM: Altimeter [m]
# name 16 = dz/dtM: Descent Rate [m/s]
# name 17 = modError: Modulo Error Count
# name 18 = pumps: Pump Status
# name 19 = sbeox0Mm/Kg: Oxygen, SBE 43 [umol/kg], WS = 2
# name 20 = sbeox1Mm/Kg: Oxygen, SBE 43, 2 [umol/kg], WS = 2
# name 21 = nbin: number of scans per bin
# name 22 = sal00: Salinity, Practical [PSU]
# name 23 = sigma-é00: Density [sigma-theta, kg/m^3]
# name 24 = potemp090C: Potential Temperature [ITS-90, deg C]
# name 25 = sal11: Salinity, Practical, 2 [PSU]
# name 26 = sigma-é11: Density, 2 [sigma-theta, kg/m^3]
# name 27 = potemp190C: Potential Temperature, 2 [ITS-90, deg C]
# name 28 = flag: flag
# span 0 =      14510,      80909       
# span 1 =      1.000,    772.000       
# span 2 =      1.007,    778.686       
# span 3 =     4.1747,    25.5771       
# span 4 =   3.254926,   5.329395       
# span 5 =     4.1708,    25.5594       
# span 6 =   3.255009,   5.327960       
# span 7 =     0.9111,     2.5810       
# span 8 =     0.8863,     2.5251       
# span 9 =    97.4375,    99.8185       
# span 10 =     0.0073,     0.1038      
# span 11 =     4.6091,     4.7216      
# span 12 = 2.2542e-02, 9.1426e-01      
# span 13 =      0.004,      0.099      
# span 14 =    -0.7374,   412.0320      
# span 15 =       3.97,     102.74      
# span 16 =     -1.417,      1.202      
# span 17 =          0,          0      
# span 18 =          1,          1      
# span 19 =     67.508,    205.671      
# span 20 =     67.022,    204.269      
# span 21 =         17,        234      
# span 22 =    34.3244,    34.9900      
# span 23 =    22.9535,    27.2949      
# span 24 =     4.1162,    25.5769      
# span 25 =    34.3273,    34.9937      
# span 26 =    22.9612,    27.2995      
# span 27 =     4.1123,    25.5592      
# span 28 = 0.0000e+00, 0.0000e+00      
# interval = meters: 1                  
# start_time = Jun 09 2017 02:39:11 [NMEA time, header]
# bad_flag = -9.990e-29
*END*
[from data line 1451]
      73778     89.000     89.622    22.6521   5.062197    22.6531   5.062513     2.4091     2.3616    98.6562     0.0541     4.6667 4.2200e-01      0.067     2.2009      98.63     -1.076          0          1    197.236    195.625         23    34.9610    24.0089    22.6340    34.9626    24.0099    22.6350 0.0000e+00
      73801     88.000     88.614    22.6554   5.062497    22.6563   5.062812     2.4098     2.3625    98.6662     0.0537     4.6672 4.2678e-01      0.067     2.2085      98.63     -1.074          0          1    197.076    195.614         23    34.9610    24.0079    22.6375    34.9627    24.0090    22.6384 0.0000e+00
      73824     87.000     87.608    22.6602   5.062989    22.6609   5.063300     2.4081     2.3629    98.6820     0.0531     4.6679 4.2682e-01      0.067     2.2001      32.08     -1.046          0          1    196.695    195.391         23    34.9613    24.0068    22.6425    34.9632    24.0080    22.6432 0.0000e+00
      73848     86.000     86.600    22.6740   5.064430    22.6740   5.064706     2.4060     2.3608    98.6690     0.0536     4.6673 4.3870e-01      0.067     2.1607      98.93     -1.035          0          1    196.559    195.119         24    34.9618    24.0031    22.6565    34.9639    24.0048    22.6565 0.0000e+00
      73871     85.000     85.593    22.7075   5.067770    22.7025   5.067585     2.4062     2.3611    98.6457     0.0545     4.6662 4.5346e-01      0.069     2.1064      98.63     -1.023          0          1    196.494    195.227         24    34.9612    23.9931    22.6902    34.9638    23.9965    22.6852 0.0000e+00
      73895     84.000     84.586    22.7184   5.068855    22.7181   5.069103     2.4061     2.3617    98.6161     0.0558     4.6647 4.4396e-01      0.067     2.0636      98.63     -1.025          0          1    196.657    195.206         22    34.9613    23.9900    22.7013    34.9634    23.9917    22.7010 0.0000e+00
      73917     83.000     83.579    22.7513   5.072188    22.7427   5.071661     2.4091     2.3624    98.5625     0.0579     4.6622 4.4477e-01      0.067     2.0225      98.63     -1.051          0          1    196.962    195.122         23    34.9612    23.9804    22.7344    34.9639    23.9850    22.7258 0.0000e+00
      73939     82.000     82.572    22.7951   5.076593    22.7900   5.076463     2.4120     2.3618    98.5194     0.0597     4.6602 4.6238e-01      0.070     1.9773      98.63     -1.084          0          1    196.984    194.942         22    34.9606    23.9674    22.7784    34.9637    23.9712    22.7733 0.0000e+00
      73962     81.000     81.564    22.8530   5.082300    22.8488   5.082373     2.4119     2.3642    98.4158     0.0639     4.6553 5.0791e-01      0.073     1.9475      98.63     -1.078          0          1    196.464    195.359         24    34.9589    23.9495    22.8364    34.9628    23.9536    22.8322 0.0000e+00
      73988     80.000     80.557    22.9018   5.086898    22.8980   5.086928     2.4132     2.3687    98.3866     0.0651     4.6539 5.3974e-01      0.073     1.9204      98.63     -0.996          0          1    196.737    195.618         27    34.9559    23.9331    22.8854    34.9591    23.9367    22.8816 0.0000e+00
      74016     79.000     79.550    22.9104   5.087727    22.9124   5.088239     2.4162     2.3717    98.3720     0.0657     4.6532 5.5308e-01      0.075     1.9217      98.63     -0.888          0          1    197.145    195.671         28    34.9558    23.9305    22.8942    34.9581    23.9317    22.8962 0.0000e+00
      74044     78.000     78.543    22.9190   5.088442    22.9197   5.088783     2.4214     2.3734    98.3647     0.0660     4.6529 5.6387e-01      0.079     1.9236      98.63     -0.866          0          1    197.673    195.663         28    34.9548    23.9272    22.9030    34.9568    23.9286    22.9037 0.0000e+00
      74071     77.000     77.536    22.9226   5.088679    22.9225   5.088954     2.4265     2.3737    98.3465     0.0667     4.6520 5.6977e-01      0.078     1.9302      98.63     -0.870          0          1    198.168    195.756         28    34.9541    23.9256    22.9068    34.9563    23.9273    22.9067 0.0000e+00
      74099     76.000     76.529    22.9279   5.089100    22.9263   5.089223     2.4308     2.3764    98.3029     0.0685     4.6500 5.7280e-01      0.076     1.8815      98.63     -0.868          0          1    198.310    196.044         27    34.9534    23.9235    22.9123    34.9556    23.9257    22.9107 0.0000e+00
      74127     75.000     75.522    22.9371   5.089915    22.9374   5.090242     2.4306     2.3786    98.2946     0.0688     4.6496 5.8228e-01      0.076     1.8102      98.63     -0.876          0          1    197.968    196.320         28    34.9527    23.9203    22.9217    34.9550    23.9219    22.9220 0.0000e+00
      74155     74.000     74.515    22.9444   5.090571    22.9432   5.090734     2.4315     2.3821    98.2785     0.0695     4.6488 5.9787e-01      0.077     1.7358      98.63     -0.865          0          1    198.284    196.625         30    34.9523    23.9178    22.9292    34.9545    23.9198    22.9280 0.0000e+00
      74188     73.000     73.507    22.9469   5.090747    22.9463   5.090949     2.4341     2.3859    98.2316     0.0714     4.6466 6.0988e-01      0.073     1.6676      98.63     -0.772          0          1    198.449    196.818         35    34.9520    23.9168    22.9319    34.9540    23.9185    22.9313 0.0000e+00
      74225     72.000     72.500    22.9549   5.091468    22.9517   5.091376     2.4354     2.3847    98.1828     0.0734     4.6443 6.3533e-01      0.074     1.6242      98.63     -0.652          0          1    198.589    196.608         37    34.9515    23.9141    22.9401    34.9534    23.9164    22.9369 0.0000e+00
      74260     71.000     71.493    23.0075   5.096643    22.9800   5.094340     2.4395     2.3892    98.0508     0.0787     4.6381 6.8022e-01      0.081     1.6238      98.63     -0.681          0          1    198.942    197.238         32    34.9499    23.8976    22.9929    34.9540    23.9087    22.9654 0.0000e+00
      74291     70.000     70.486    23.0972   5.105188    23.0756   5.103560     2.4446     2.3938    97.9227     0.0840     4.6320 7.3249e-01      0.085     1.6355      98.63     -0.760          0          1    199.323    197.617         32    34.9447    23.8678    23.0828    34.9494    23.8775    23.0612 0.0000e+00
      74328     69.000     69.479    23.1345   5.108560    23.1299   5.108510     2.4516     2.4015    97.8037     0.0888     4.6264 7.9672e-01      0.085     1.6133      98.63     -0.693          0          1    199.694    197.952         41    34.9414    23.8544    23.1203    34.9446    23.8582    23.1157 0.0000e+00
      74378     68.000     68.472    23.1218   5.107166    23.1177   5.107195     2.4514     2.4033    97.6987     0.0931     4.6214 8.5207e-01      0.086     1.5127      98.63     -0.472          0          1    199.221    197.751         58    34.9411    23.8578    23.1078    34.9446    23.8616    23.1037 0.0000e+00
      74429     67.000     67.465    23.1291   5.107830    23.1213   5.107473     2.4515     2.4023    97.6480     0.0952     4.6190 8.4918e-01      0.089     1.4294      98.63     -0.473          0          1    199.625    197.913         41    34.9407    23.8554    23.1153    34.9442    23.8602    23.1075 0.0000e+00
      74468     66.000     66.458    23.1766   5.112324    23.1670   5.111833     2.4571     2.4088    97.6370     0.0957     4.6184 8.4554e-01      0.093     1.4276      98.63     -0.621          0          1    200.043    198.671         40    34.9379    23.8394    23.1630    34.9417    23.8451    23.1534 0.0000e+00
      74515     65.000     65.450    23.1996   5.114250    23.1986   5.114431     2.4601     2.4127    97.6161     0.0965     4.6175 8.8489e-01      0.099     1.4675      98.63     -0.517          0          1    200.054    198.421         53    34.9348    23.8303    23.1862    34.9369    23.8323    23.1852 0.0000e+00
      74566     64.000     64.443    23.1975   5.113992    23.2014   5.114603     2.4617     2.4102    97.6416     0.0955     4.6187 9.0699e-01      0.096     1.4998      98.63     -0.473          0          1    200.043    198.224         47    34.9348    23.8309    23.1843    34.9364    23.8310    23.1882 0.0000e+00
      74615     63.000     63.436    23.2124   5.115291    23.2017   5.114566     2.4623     2.4136    97.6237     0.0962     4.6178 8.4430e-01      0.085     1.5140      98.63     -0.493          0          1    200.097    198.621         53    34.9333    23.8254    23.1994    34.9362    23.8307    23.1887 0.0000e+00
      74675     62.000     62.429    23.2315   5.116981    23.2202   5.116188     2.4633     2.4148    97.6167     0.0965     4.6175 9.0139e-01      0.090     1.5473      98.63     -0.392          0          1    200.275    198.661         69    34.9314    23.8184    23.2187    34.9343    23.8238    23.2074 0.0000e+00
      74746     61.000     61.422    23.2435   5.118131    23.2482   5.118930     2.4702     2.4202    97.5760     0.0981     4.6156 9.1426e-01      0.093     1.6242      98.63     -0.342          0          1    200.866    199.161         78    34.9311    23.8146    23.2309    34.9335    23.8150    23.2356 0.0000e+00
      76612     60.000     60.415    23.3053   5.124019    23.3087   5.124578     2.4780     2.4266    97.4380     0.1038     4.6091 7.6875e-01      0.092     1.5817      17.37     -0.407          0          1    201.308    199.741         49    34.9276    23.7939    23.2929    34.9292    23.7942    23.2963 0.0000e+00
      76661     59.000     59.408    23.3133   5.124829    23.3130   5.125017     2.4787     2.4277    97.4375     0.1038     4.6091 7.5010e-01      0.092     1.5474      97.73     -0.578          0          1    201.430    199.465         41    34.9278    23.7917    23.3011    34.9295    23.7931    23.3008 0.0000e+00
      76710     58.000     58.401    23.3209   5.125539    23.3195   5.125623     2.4769     2.4273    97.4622     0.1028     4.6102 7.6936e-01      0.096     1.4609      46.95     -0.504          0          1    200.921    199.450         52    34.9275    23.7893    23.3089    34.9293    23.7910    23.3075 0.0000e+00
      76753     57.000     57.394    23.3184   5.125204    23.3186   5.125478     2.4766     2.4281    97.4860     0.1018     4.6113 7.4400e-01      0.086     1.3602      48.28     -0.544          0          1    201.104    199.543         33    34.9273    23.7897    23.3066    34.9292    23.7911    23.3068 0.0000e+00
      76783     56.000     56.387    23.3282   5.126116    23.3304   5.126565     2.4777     2.4289    97.4682     0.1026     4.6105 7.2420e-01      0.085     1.3015      98.58     -0.765          0          1    201.115    199.681         29    34.9269    23.7865    23.3166    34.9285    23.7871    23.3188 0.0000e+00
      76816     55.000     55.380    23.3423   5.127308    23.3426   5.127579     2.4792     2.4320    97.4533     0.1032     4.6098 7.2559e-01      0.088     1.2351      64.82     -0.765          0          1    201.246    199.905         42    34.9252    23.7810    23.3309    34.9270    23.7824    23.3312 0.0000e+00
      76882     54.000     54.373    23.3406   5.127063    23.3424   5.127506     2.4806     2.4331    97.4892     0.1017     4.6115 7.9343e-01      0.096     1.2554     102.74     -0.292          0          1    201.443    199.845         72    34.9250    23.7813    23.3294    34.9269    23.7823    23.3312 0.0000e+00
      76931     53.000     53.366    23.3456   5.127455    23.3444   5.127626     2.4831     2.4329    97.4766     0.1022     4.6109 6.7953e-01      0.094     1.2523      98.63     -0.536          0          1    201.471    199.883         40    34.9243    23.7793    23.3346    34.9266    23.7814    23.3334 0.0000e+00
      76992     52.000     52.359    23.3561   5.128351    23.3601   5.128978     2.4846     2.4355    97.5066     0.1010     4.6123 6.5635e-01      0.087     1.2593      98.63     -0.377          0          1    201.646    200.038         83    34.9232    23.7754    23.3453    34.9248    23.7755    23.3493 0.0000e+00
      77064     51.000     51.352    23.3621   5.128818    23.3620   5.129042     2.4865     2.4371    97.5252     0.1003     4.6132 6.6263e-01      0.086     1.3585      98.63     -0.370          0          1    201.751    200.251         64    34.9224    23.7729    23.3515    34.9242    23.7743    23.3514 0.0000e+00
      77371     50.000     50.345    23.4102   5.133238    23.4180   5.134239     2.4917     2.4434    97.5571     0.0989     4.6147 6.4516e-01      0.085     1.4926      69.48     -0.172          0          1    202.162    200.653        156    34.9185    23.7559    23.3998    34.9200    23.7548    23.4076 0.0000e+00
      78983     49.000     49.338    23.5174   5.143136    23.5246   5.144087     2.5063     2.4560    97.5719     0.0983     4.6154 4.9866e-01      0.087     1.5210      29.32     -0.388          0          1    203.284    201.582         51    34.9098    23.7180    23.5072    34.9113    23.7171    23.5144 0.0000e+00
      78978     48.000     48.330    23.5469   5.145902    23.5467   5.146197     2.5101     2.4578    97.6201     0.0964     4.6177 4.9219e-01      0.085     1.4302      41.08     -0.551          0          1    203.660    201.701         34    34.9079    23.7079    23.5369    34.9103    23.7098    23.5367 0.0000e+00
      79006     47.000     47.324    23.5672   5.147755    23.5684   5.148155     2.5094     2.4577    97.7556     0.0908     4.6241 4.6702e-01      0.084     1.3546       9.62     -0.761          0          1    203.119    201.583         25    34.9064    23.7007    23.5574    34.9085    23.7020    23.5586 0.0000e+00
      79029     46.000     46.317    23.5984   5.150870    23.6027   5.151775     2.5107     2.4600    97.9367     0.0834     4.6327 3.9620e-01      0.079     1.3183      10.60     -0.962          0          1    203.726    201.968         23    34.9058    23.6912    23.5888    34.9093    23.6926    23.5931 0.0000e+00
      79051     45.000     45.310    23.6842   5.159758    23.6927   5.161174     2.5156     2.4639    98.0623     0.0783     4.6386 3.2051e-01      0.079     1.2947      10.60     -1.068          0          1    203.824    202.153         22    34.9062    23.6663    23.6748    34.9103    23.6669    23.6833 0.0000e+00
      79074     44.000     44.303    23.7877   5.169769    23.8148   5.172939     2.5186     2.4678    98.0876     0.0772     4.6398 2.8321e-01      0.080     1.2626      10.60     -1.086          0          1    203.834    201.982         23    34.9012    23.6320    23.7784    34.9040    23.6261    23.8055 0.0000e+00
      79096     43.000     43.295    23.8850   5.177965    23.8908   5.178897     2.5237     2.4695    98.0985     0.0768     4.6403 2.3885e-01      0.085     1.2568      32.61     -1.073          0          1    203.953    201.813         22    34.8873    23.5927    23.8759    34.8898    23.5929    23.8817 0.0000e+00
      79119     42.000     42.289    23.9465   5.182618    23.9494   5.183398     2.5265     2.4717    98.1677     0.0740     4.6435 2.3201e-01      0.079     1.2293      99.55     -1.066          0          1    203.861    201.926         22    34.8747    23.5649    23.9376    34.8783    23.5668    23.9405 0.0000e+00
      79140     41.000     41.282    23.9724   5.184326    23.9732   5.184783     2.5280     2.4750    98.2525     0.0705     4.6476 1.9846e-01      0.073     1.2194      98.63     -1.102          0          1    203.968    202.239         21    34.8676    23.5519    23.9637    34.8704    23.5538    23.9645 0.0000e+00
