CTDdata/C17M001.cnv
* Sea-Bird SBE 9 Data File:
* FileName = C:\MR1703C\CTDdata\C17M001.hdr
* Software Version Seasave V 7.23.2
* Temperature SN = 031464
* Conductivity SN = 041203
* Number of Bytes Per Scan = 41
* Number of Voltage Words = 4
* Number of Scans Averaged by the Deck Unit = 1
* NMEA Latitude = 28 57.44 N
* NMEA Longitude = 129 34.18 E
* NMEA UTC (Time) = Jun 09 2017 02:39:11
* NMEA baud rate = 4800
** Cruise: MR17-03C
** Station: C17
** Bottom Depth [m]: 779.0
** Operator: R.Kobayashi
# nquan = 29                                
# nvalues = 1540                        
# units = specified
# name 0 = scan: Scan Count
# name 1 = depSM: Depth [salt water, m]
# name 2 = prDM: Pressure, Digiquartz [db]
# name 3 = t090C: Temperature [ITS-90, deg C]
# name 4 = c0S/m: Conductivity [S/m]
# name 5 = t190C: Temperature, 2 [ITS-90, deg C]
# name 6 = c1S/m: Conductivity, 2 [S/m]
# name 7 = sbeox0V: Oxygen raw, SBE 43 [V]
# name 8 = sbeox1V: Oxygen raw, SBE 43, 2 [V]
# name 9 = CStarTr0: Beam Transmission, WET Labs C-Star [%]
# name 10 = CStarAt0: Beam Attenuation, WET Labs C-Star [1/m]
# name 11 = v4: Voltage 4
# name 12 = flSP: Fluorescence, Seapoint
# name 13 = seaTurbMtr: Turbidity, Seapoint [FTU]
# name 14 = wetCDOM: Fluorescence, WET Labs CDOM [mg/m^3]
# name 15 = altM: Altimeter [m]
# name 16 = dz/dtM: Descent Rate [m/s]
# name 17 = modError: Modulo Error Count
# name 18 = pumps: Pump Status
# name 19 = sbeox0Mm/Kg: Oxygen, SBE 43 [umol/kg], WS = 2
# name 20 = sbeox1Mm/Kg: Oxygen, SBE 43, 2 [umol/kg], WS = 2
# name 21 = nbin: number of scans per bin
# name 22 = sal00: Salinity, Practical [PSU]
# name 23 = sigma-é00: Density [sigma-theta, kg/m^3]
# name 24 = potemp090C: Potential Temperature [ITS-90, deg C]
# name 25 = sal11: Salinity, Practical, 2 [PSU]
# name 26 = sigma-é11: Density, 2 [sigma-theta, kg/m^3]
# name 27 = potemp190C: Potential Temperature, 2 [ITS-90, deg C]
# name 28 = flag: flag
# span 0 =      14510,      80909       
# span 1 =      1.000,    772.000       
# span 2 =      1.007,    778.686       
# span 3 =     4.1747,    25.5771       
# span 4 =   3.254926,   5.329395       
# span 5 =     4.1708,    25.5594       
# span 6 =   3.255009,   5.327960       
# span 7 =     0.9111,     2.5810       
# span 8 =     0.8863,     2.5251       
# span 9 =    97.4375,    99.8185       
# span 10 =     0.0073,     0.1038      
# span 11 =     4.6091,     4.7216      
# span 12 = 2.2542e-02, 9.1426e-01      
# span 13 =      0.004,      0.099      
# span 14 =    -0.7374,   412.0320      
# span 15 =       3.97,     102.74      
# span 16 =     -1.417,      1.202      
# span 17 =          0,          0      
# span 18 =          1,          1      
# span 19 =     67.508,    205.671      
# span 20 =     67.022,    204.269      
# span 21 =         17,        234      
# span 22 =    34.3244,    34.9900      
# span 23 =    22.9535,    27.2949      
# span 24 =     4.1162,    25.5769      
# span 25 =    34.3273,    34.9937      
# span 26 =    22.9612,    27.2995      
# span 27 =     4.1123,    25.5592      
# span 28 = 0.0000e+00, 0.0000e+00      
# interval = meters: 1                  
# start_time = Jun 09 2017 02:39:11 [NMEA time, header]
# bad_flag = -9.990e-29
*END*
[from data line 951]
      50344    589.000    593.838     9.3225   3.707134     9.3280   3.707876     1.3502     1.3280    99.6376     0.0145     4.7131 4.3956e-02      0.043     7.1473      98.63     -0.873          0          1    122.372    121.929         27    34.3341    26.5555     9.2557    34.3365    26.5565     9.2612 0.0000e+00
      50370    588.000    592.828     9.3478   3.709516     9.3466   3.709595     1.3535     1.3314    99.6376     0.0145     4.7131 4.2867e-02      0.043     7.1249      98.63     -0.903          0          1    122.757    122.540         25    34.3350    26.5521     9.2810    34.3369    26.5539     9.2798 0.0000e+00
      50395    587.000    591.819     9.4009   3.715032     9.3896   3.714020     1.3571     1.3353    99.6376     0.0145     4.7131 4.3559e-02      0.049     7.1130      98.63     -0.959          0          1    123.343    123.039         24    34.3416    26.5487     9.3340    34.3420    26.5508     9.3227 0.0000e+00
      50418    586.000    590.809     9.4850   3.722509     9.4877   3.723013     1.3615     1.3394    99.6578     0.0137     4.7140 4.3955e-02      0.045     7.1146      98.63     -1.020          0          1    123.833    123.643         23    34.3388    26.5328     9.4178    34.3415    26.5344     9.4205 0.0000e+00
      50441    585.000    589.799     9.5037   3.724361     9.5051   3.724684     1.3653     1.3440    99.6634     0.0135     4.7143 4.3956e-02      0.043     7.1062      98.63     -1.062          0          1    124.264    124.163         22    34.3405    26.5311     9.4366    34.3425    26.5324     9.4380 0.0000e+00
      50463    584.000    588.790     9.5633   3.729855     9.5579   3.729557     1.3694     1.3479    99.6510     0.0140     4.7137 4.3956e-02      0.043     7.0885      98.63     -1.074          0          1    124.547    124.410         23    34.3407    26.5214     9.4960    34.3427    26.5239     9.4907 0.0000e+00
      50486    583.000    587.780     9.5737   3.730664     9.5738   3.730883     1.3726     1.3518    99.6375     0.0145     4.7131 4.3956e-02      0.044     7.0745      98.63     -1.071          0          1    124.764    124.741         22    34.3395    26.5188     9.5065    34.3417    26.5204     9.5066 0.0000e+00
      50508    582.000    586.771     9.5766   3.730882     9.5769   3.731106     1.3753     1.3546    99.6589     0.0137     4.7141 4.3956e-02      0.043     7.0559      98.63     -1.085          0          1    124.967    124.823         22    34.3394    26.5182     9.5095    34.3414    26.5197     9.5098 0.0000e+00
      50529    581.000    585.761     9.5811   3.731189     9.5804   3.731307     1.3777     1.3569    99.6634     0.0135     4.7143 4.3956e-02      0.043     7.0216      98.63     -1.111          0          1    125.151    125.058         22    34.3388    26.5169     9.5141    34.3406    26.5185     9.5134 0.0000e+00
      50553    580.000    584.751     9.5842   3.731386     9.5835   3.731492     1.3796     1.3593    99.6634     0.0135     4.7143 4.3956e-02      0.043     7.0138      98.63     -1.088          0          1    125.127    125.235         24    34.3383    26.5160     9.5173    34.3400    26.5175     9.5166 0.0000e+00
      50578    579.000    583.741     9.5802   3.730975     9.5795   3.731055     1.3805     1.3611    99.6634     0.0135     4.7143 4.3956e-02      0.043     7.0027      98.63     -1.000          0          1    125.080    125.271         26    34.3383    26.5167     9.5135    34.3398    26.5180     9.5128 0.0000e+00
      50603    578.000    582.732     9.5817   3.731006     9.5807   3.731087     1.3814     1.3624    99.6634     0.0135     4.7143 4.3956e-02      0.043     6.9838      98.63     -0.950          0          1    125.167    125.351         24    34.3376    26.5159     9.5151    34.3394    26.5175     9.5141 0.0000e+00
      50626    577.000    581.722     9.5820   3.730953     9.5818   3.731101     1.3823     1.3634    99.6634     0.0135     4.7143 4.3956e-02      0.043     6.9512      98.63     -1.013          0          1    125.264    125.325         22    34.3373    26.5155     9.5155    34.3390    26.5169     9.5153 0.0000e+00
      50648    576.000    580.713     9.5918   3.731793     9.5913   3.731917     1.3829     1.3639    99.6634     0.0135     4.7143 4.3956e-02      0.043     6.9335      98.63     -1.082          0          1    125.234    125.410         22    34.3370    26.5137     9.5254    34.3388    26.5151     9.5249 0.0000e+00
      50669    575.000    579.703     9.5999   3.732441     9.5998   3.732605     1.3833     1.3649    99.6634     0.0135     4.7143 4.3956e-02      0.043     6.9143      98.63     -1.122          0          1    125.378    125.564         20    34.3364    26.5119     9.5336    34.3382    26.5133     9.5335 0.0000e+00
      50689    574.000    578.693     9.6106   3.733401     9.6091   3.733433     1.3845     1.3658    99.6634     0.0135     4.7143 4.3956e-02      0.043     6.9164      98.63     -1.169          0          1    125.652    125.599         21    34.3365    26.5102     9.5443    34.3383    26.5118     9.5428 0.0000e+00
      50710    573.000    577.684     9.6149   3.733756     9.6131   3.733724     1.3859     1.3664    99.6634     0.0135     4.7143 4.3680e-02      0.043     6.8783      98.63     -1.170          0          1    125.976    125.749         22    34.3365    26.5095     9.5487    34.3379    26.5108     9.5469 0.0000e+00
      50734    572.000    576.675     9.6296   3.735070     9.6314   3.735434     1.3879     1.3680    99.6737     0.0131     4.7148 4.2733e-02      0.043     6.8723      98.63     -1.083          0          1    126.245    125.974         25    34.3364    26.5070     9.5635    34.3385    26.5083     9.5653 0.0000e+00
      50759    571.000    575.665     9.6726   3.739019     9.6698   3.738998     1.3904     1.3696    99.6893     0.0124     4.7155 4.2735e-02      0.043     6.8830      98.63     -0.983          0          1    126.649    126.461         25    34.3365    26.4999     9.6064    34.3389    26.5023     9.6036 0.0000e+00
      50783    570.000    574.655     9.7154   3.742846     9.7056   3.742189     1.3933     1.3731    99.6892     0.0124     4.7155 4.3852e-02      0.043     6.8576      98.63     -0.975          0          1    127.304    127.290         24    34.3354    26.4920     9.6492    34.3380    26.4956     9.6394 0.0000e+00
      50806    569.000    573.646     9.7405   3.745175     9.7366   3.745005     1.3980     1.3772    99.6892     0.0124     4.7155 4.3956e-02      0.043     6.8196      98.63     -1.030          0          1    128.621    128.045         21    34.3359    26.4881     9.6743    34.3378    26.4903     9.6704 0.0000e+00
      50827    568.000    572.636     9.8718   3.758005     9.8458   3.756059     1.4045     1.3819    99.6941     0.0122     4.7157 4.3956e-02      0.040     6.7840      98.63     -1.105          0          1    129.707    128.959         21    34.3428    26.4716     9.8052    34.3476    26.4797     9.7793 0.0000e+00
      50847    567.000    571.627    10.0334   3.772940    10.0346   3.773685     1.4118     1.3885    99.7149     0.0114     4.7167 4.3956e-02      0.037     6.7542      98.63     -1.177          0          1    130.487    129.790         19    34.3422    26.4440     9.9662    34.3487    26.4488     9.9674 0.0000e+00
      50867    566.000    570.617    10.1157   3.780524    10.1182   3.781071     1.4193     1.3954    99.7151     0.0114     4.7167 4.3160e-02      0.037     6.7214      98.63     -1.225          0          1    131.153    130.661         20    34.3419    26.4298    10.0483    34.3450    26.4319    10.0508 0.0000e+00
      50887    565.000    569.607    10.1440   3.783118    10.1404   3.783018     1.4262     1.4031    99.7151     0.0114     4.7167 4.2739e-02      0.037     6.7143      98.63     -1.213          0          1    131.608    131.505         22    34.3419    26.4250    10.0766    34.3443    26.4274    10.0730 0.0000e+00
      50911    564.000    568.598    10.1602   3.784663    10.1581   3.784685     1.4325     1.4104    99.7151     0.0114     4.7167 4.2735e-02      0.037     6.7220      98.63     -1.109          0          1    132.030    132.051         25    34.3427    26.4228    10.0929    34.3449    26.4249    10.0908 0.0000e+00
      50937    563.000    567.588    10.2037   3.788750    10.1947   3.788260     1.4388     1.4176    99.7151     0.0114     4.7167 4.2735e-02      0.037     6.7043      98.63     -0.963          0          1    132.991    132.880         27    34.3435    26.4160    10.1363    34.3470    26.4203    10.1273 0.0000e+00
      50962    562.000    566.579    10.3156   3.800069    10.3239   3.801325     1.4469     1.4251    99.7151     0.0114     4.7167 4.2735e-02      0.037     6.6454      98.63     -0.925          0          1    134.407    133.952         23    34.3528    26.4041    10.2479    34.3577    26.4065    10.2561 0.0000e+00
      50984    561.000    565.570    10.5156   3.818985    10.4965   3.817643     1.4556     1.4334    99.7334     0.0107     4.7175 4.2447e-02      0.037     6.6244      98.63     -1.034          0          1    135.371    135.102         21    34.3556    26.3717    10.4472    34.3601    26.3785    10.4281 0.0000e+00
      51004    560.000    564.560    10.5959   3.826571    10.5878   3.826190     1.4647     1.4426    99.7409     0.0104     4.7179 4.2612e-02      0.037     6.5949      98.63     -1.142          0          1    136.433    136.301         20    34.3568    26.3587    10.5273    34.3606    26.3630    10.5192 0.0000e+00
      51024    559.000    563.550    10.6705   3.833890    10.6628   3.833551     1.4732     1.4515    99.7409     0.0104     4.7179 4.2734e-02      0.037     6.5424      98.63     -1.191          0          1    137.151    137.121         20    34.3606    26.3486    10.6017    34.3645    26.3529    10.5940 0.0000e+00
      51046    558.000    562.541    10.7141   3.837920    10.7132   3.838153     1.4814     1.4602    99.7409     0.0104     4.7179 4.2735e-02      0.037     6.5091      98.63     -1.177          0          1    137.632    137.718         24    34.3606    26.3408    10.6452    34.3637    26.3434    10.6443 0.0000e+00
      51071    557.000    561.531    10.7404   3.840295    10.7393   3.840458     1.4883     1.4681    99.7409     0.0104     4.7179 4.2549e-02      0.037     6.5265      98.63     -1.035          0          1    137.735    138.023         26    34.3601    26.3358    10.6716    34.3628    26.3381    10.6705 0.0000e+00
      51096    556.000    560.522    10.7324   3.839424    10.7323   3.839609     1.4925     1.4740    99.7409     0.0104     4.7179 4.1608e-02      0.037     6.5222      98.63     -0.945          0          1    137.813    138.270         23    34.3593    26.3366    10.6637    34.3613    26.3381    10.6636 0.0000e+00
      51118    555.000    559.512    10.7361   3.839749    10.7330   3.839645     1.4954     1.4773    99.7409     0.0104     4.7179 4.2563e-02      0.034     6.4917      98.63     -1.026          0          1    138.048    138.296         21    34.3596    26.3361    10.6675    34.3614    26.3381    10.6644 0.0000e+00
      51138    554.000    558.503    10.7459   3.840551    10.7440   3.840622     1.4976     1.4797    99.7409     0.0104     4.7179 4.2737e-02      0.031     6.4851      98.63     -1.149          0          1    138.213    138.345         19    34.3588    26.3338    10.6774    34.3613    26.3361    10.6755 0.0000e+00
      51158    553.000    557.493    10.7410   3.840042    10.7418   3.840254     1.4998     1.4814    99.7409     0.0104     4.7179 4.1755e-02      0.036     6.4926      98.63     -1.218          0          1    138.404    138.466         20    34.3588    26.3346    10.6727    34.3601    26.3355    10.6735 0.0000e+00
      51178    552.000    556.484    10.7528   3.841127    10.7513   3.841173     1.5012     1.4832    99.7409     0.0104     4.7179 4.1517e-02      0.037     6.4894      98.63     -1.239          0          1    138.347    138.620         21    34.3590    26.3327    10.6845    34.3609    26.3344    10.6831 0.0000e+00
      51201    551.000    555.474    10.7742   3.843086    10.7716   3.843047     1.5025     1.4849    99.7409     0.0104     4.7179 4.1805e-02      0.037     6.4577      98.63     -1.137          0          1    138.515    138.702         25    34.3590    26.3288    10.7060    34.3610    26.3309    10.7034 0.0000e+00
      51226    550.000    554.465    10.7861   3.844221    10.7834   3.844122     1.5049     1.4864    99.7409     0.0104     4.7179 4.2003e-02      0.034     6.4534      98.63     -0.996          0          1    138.882    138.892         25    34.3596    26.3272    10.7180    34.3611    26.3289    10.7153 0.0000e+00
      51250    549.000    553.456    10.8074   3.846231    10.8047   3.846163     1.5070     1.4887    99.7409     0.0104     4.7179 4.1506e-02      0.037     6.4564      98.63     -0.960          0          1    139.194    139.160         23    34.3602    26.3239    10.7393    34.3620    26.3258    10.7366 0.0000e+00
      51272    548.000    552.446    10.8413   3.849483    10.8354   3.849188     1.5093     1.4902    99.7409     0.0104     4.7179 4.1514e-02      0.037     6.4279      98.63     -1.052          0          1    139.389    139.268         20    34.3614    26.3188    10.7732    34.3639    26.3218    10.7673 0.0000e+00
      51292    547.000    551.437    10.8650   3.851691    10.8620   3.851582     1.5113     1.4921    99.7409     0.0104     4.7179 4.2006e-02      0.037     6.4084      98.63     -1.165          0          1    139.408    139.485         20    34.3617    26.3148    10.7969    34.3634    26.3166    10.7939 0.0000e+00
      51312    546.000    550.427    10.8660   3.851719    10.8652   3.851809     1.5126     1.4938    99.7409     0.0104     4.7179 4.1681e-02      0.037     6.4448      98.63     -1.204          0          1    139.499    139.684         22    34.3614    26.3144    10.7981    34.3631    26.3158    10.7973 0.0000e+00
      51335    545.000    549.418    10.8664   3.851713    10.8653   3.851744     1.5144     1.4960    99.7409     0.0104     4.7179 4.1516e-02      0.037     6.4762      98.63     -1.122          0          1    139.973    139.996         24    34.3614    26.3143    10.7986    34.3628    26.3155    10.7975 0.0000e+00
      51359    544.000    548.408    10.9201   3.856988    10.9065   3.856005     1.5174     1.4983    99.7409     0.0104     4.7179 4.1514e-02      0.037     6.4816      98.63     -1.037          0          1    140.644    140.425         23    34.3643    26.3069    10.8522    34.3672    26.3116    10.8387 0.0000e+00
      51382    543.000    547.399    11.0223   3.866994    11.0003   3.865285     1.5222     1.5020    99.7433     0.0103     4.7180 4.1514e-02      0.037     6.4394      98.63     -1.025          0          1    141.407    141.136         22    34.3688    26.2922    10.9541    34.3723    26.2989    10.9322 0.0000e+00
      51403    542.000    546.389    11.1105   3.875487    11.1028   3.875094     1.5276     1.5069    99.7670     0.0093     4.7192 4.1514e-02      0.037     6.4282      98.63     -1.083          0          1    141.880    141.711         21    34.3713    26.2783    11.0421    34.3746    26.2822    11.0344 0.0000e+00
      51423    541.000    545.380    11.1469   3.878794    11.1452   3.878931     1.5322     1.5119    99.7667     0.0093     4.7192 4.1514e-02      0.037     6.4183      98.63     -1.169          0          1    142.063    142.152         20    34.3706    26.2712    11.0785    34.3735    26.2738    11.0768 0.0000e+00
