CTDdata/C18M001.cnv
* Sea-Bird SBE 9 Data File:
* FileName = C:\MR1703C\CTDdata\C18M001.hdr
* Software Version Seasave V 7.23.2
* Temperature SN = 031464
* Conductivity SN = 041203
* Number of Bytes Per Scan = 41
* Number of Voltage Words = 4
* Number of Scans Averaged by the Deck Unit = 1
* NMEA Latitude = 28 58.88 N
* NMEA Longitude = 130 54.22 E
* NMEA UTC (Time) = Jun 08 2017 03:26:48
* NMEA baud rate = 4800
** Cruise: MR17-03C
** Station: C18
** Bottom Depth [m]: 2981.0
** Operator: R.Kobayashi
# nquan = 29                                
# nvalues = 5910                        
# units = specified
# name 0 = scan: Scan Count
# name 1 = depSM: Depth [salt water, m]
# name 2 = prDM: Pressure, Digiquartz [db]
# name 3 = t090C: Temperature [ITS-90, deg C]
# name 4 = c0S/m: Conductivity [S/m]
# name 5 = t190C: Temperature, 2 [ITS-90, deg C]
# name 6 = c1S/m: Conductivity, 2 [S/m]
# name 7 = sbeox0V: Oxygen raw, SBE 43 [V]
# name 8 = sbeox1V: Oxygen raw, SBE 43, 2 [V]
# name 9 = CStarTr0: Beam Transmission, WET Labs C-Star [%]
# name 10 = CStarAt0: Beam Attenuation, WET Labs C-Star [1/m]
# name 11 = v4: Voltage 4
# name 12 = flSP: Fluorescence, Seapoint
# name 13 = seaTurbMtr: Turbidity, Seapoint [FTU]
# name 14 = wetCDOM: Fluorescence, WET Labs CDOM [mg/m^3]
# name 15 = altM: Altimeter [m]
# name 16 = dz/dtM: Descent Rate [m/s]
# name 17 = modError: Modulo Error Count
# name 18 = pumps: Pump Status
# name 19 = sbeox0Mm/Kg: Oxygen, SBE 43 [umol/kg], WS = 2
# name 20 = sbeox1Mm/Kg: Oxygen, SBE 43, 2 [umol/kg], WS = 2
# name 21 = nbin: number of scans per bin
# name 22 = sal00: Salinity, Practical [PSU]
# name 23 = sigma-é00: Density [sigma-theta, kg/m^3]
# name 24 = potemp090C: Potential Temperature [ITS-90, deg C]
# name 25 = sal11: Salinity, Practical, 2 [PSU]
# name 26 = sigma-é11: Density, 2 [sigma-theta, kg/m^3]
# name 27 = potemp190C: Potential Temperature, 2 [ITS-90, deg C]
# name 28 = flag: flag
# span 0 =      16871,     234383       
# span 1 =      1.000,   2957.000       
# span 2 =      1.006,   2998.207       
# span 3 =     1.5570,    25.0922       
# span 4 =   3.128143,   5.284777       
# span 5 =     1.5571,    25.0890       
# span 6 =   3.128288,   5.284764       
# span 7 =     0.8182,     2.6050       
# span 8 =     0.7954,     2.5583       
# span 9 =    98.0163,    99.9479       
# span 10 =     0.0021,     0.0801      
# span 11 =     4.6364,     4.7277      
# span 12 = 3.6618e-02, 5.4946e-01      
# span 13 =      0.018,      0.090      
# span 14 =    -1.0173,   436.5566      
# span 15 =     -14.09,     105.07      
# span 16 =     -1.489,      1.504      
# span 17 =          0,          0      
# span 18 =          1,          1      
# span 19 =     55.683,    216.922      
# span 20 =   -141.528,    214.819      
# span 21 =         16,        248      
# span 22 =    34.2168,    35.0300      
# span 23 =    23.1342,    27.7558      
# span 24 =     1.3394,    25.0920      
# span 25 =    34.2202,    35.0355      
# span 26 =    23.1370,    27.7573      
# span 27 =     1.3393,    25.0888      
# span 28 = 0.0000e+00, 0.0000e+00      
# interval = meters: 1                  
# start_time = Jun 08 2017 03:26:48 [NMEA time, header]
# bad_flag = -9.990e-29
*END*
[from data line 4301]
     140873   1609.000   1626.210     2.3260   3.141284     2.3262   3.141473     0.9162     0.8959    99.7925     0.0083     4.7204 4.9595e-02      0.021     9.9650      98.63     -1.280          0          1     80.043     80.289         18    34.5513    27.5948     2.2160    34.5534    27.5965     2.2162 0.0000e+00
     140891   1608.000   1625.195     2.3265   3.141269     2.3267   3.141473     0.9157     0.8957    99.7925     0.0083     4.7204 4.8842e-02      0.024    10.0016      98.63     -1.343          0          1     79.865     80.316         17    34.5510    27.5946     2.2166    34.5533    27.5964     2.2167 0.0000e+00
     140909   1607.000   1624.181     2.3269   3.141265     2.3270   3.141454     0.9158     0.8956    99.7925     0.0083     4.7204 4.8840e-02      0.024    10.0182      98.63     -1.363          0          1     79.983     80.390         18    34.5511    27.5946     2.2170    34.5533    27.5963     2.2171 0.0000e+00
     140927   1606.000   1623.166     2.3269   3.141223     2.3272   3.141417     0.9157     0.8959    99.7925     0.0083     4.7204 4.8840e-02      0.024    10.0253      98.63     -1.363          0          1     80.085     80.388         19    34.5511    27.5946     2.2171    34.5531    27.5962     2.2174 0.0000e+00
     140947   1605.000   1622.152     2.3284   3.141293     2.3284   3.141477     0.9160     0.8956    99.7925     0.0083     4.7204 4.8840e-02      0.023    10.0304      98.63     -1.313          0          1     79.977     80.134         21    34.5508    27.5943     2.2187    34.5531    27.5961     2.2187 0.0000e+00
     140968   1604.000   1621.137     2.3298   3.141354     2.3303   3.141581     0.9156     0.8953    99.7925     0.0083     4.7204 4.9151e-02      0.022    10.0255      98.63     -1.193          0          1     79.780     80.205         23    34.5506    27.5939     2.2201    34.5529    27.5957     2.2206 0.0000e+00
     140992   1603.000   1620.123     2.3307   3.141384     2.3309   3.141577     0.9156     0.8955    99.7925     0.0083     4.7204 4.8844e-02      0.020    10.0121      98.63     -1.068          0          1     79.928     80.375         24    34.5505    27.5938     2.2211    34.5527    27.5955     2.2213 0.0000e+00
     141016   1602.000   1619.108     2.3313   3.141382     2.3317   3.141605     0.9156     0.8955    99.7925     0.0083     4.7204 4.8952e-02      0.022     9.9722      98.63     -1.019          0          1     79.874     80.271         22    34.5504    27.5936     2.2218    34.5527    27.5954     2.2222 0.0000e+00
     141036   1601.000   1618.094     2.3323   3.141425     2.3328   3.141645     0.9155     0.8955    99.7925     0.0083     4.7204 5.0080e-02      0.024     9.9376      98.63     -1.083          0          1     79.829     80.310         19    34.5504    27.5935     2.2229    34.5525    27.5952     2.2233 0.0000e+00
     141055   1600.000   1617.079     2.3361   3.141662     2.3359   3.141849     0.9154     0.8957    99.8189     0.0073     4.7216 5.0061e-02      0.024     9.9268      98.63     -1.217          0          1     79.848     80.170         18    34.5497    27.5927     2.2267    34.5522    27.5947     2.2265 0.0000e+00
     141072   1599.000   1616.065     2.3375   3.141732     2.3384   3.141997     0.9156     0.8953    99.8106     0.0076     4.7212 5.0061e-02      0.024     9.9437      98.63     -1.327          0          1     79.580     80.045         17    34.5496    27.5925     2.2282    34.5519    27.5942     2.2290 0.0000e+00
     141090   1598.000   1615.050     2.3385   3.141762     2.3386   3.141960     0.9149     0.8953    99.7928     0.0083     4.7204 5.0061e-02      0.024     9.9371      98.63     -1.388          0          1     79.352     79.907         17    34.5494    27.5922     2.2292    34.5517    27.5941     2.2293 0.0000e+00
     141108   1597.000   1614.036     2.3395   3.141801     2.3397   3.141990     0.9147     0.8949    99.8021     0.0079     4.7208 5.0061e-02      0.024     9.9321      98.63     -1.389          0          1     79.520     79.604         19    34.5493    27.5921     2.2303    34.5514    27.5937     2.2305 0.0000e+00
     141129   1596.000   1613.021     2.3402   3.141808     2.3403   3.142004     0.9146     0.8943    99.8184     0.0073     4.7216 4.9449e-02      0.023     9.9359      98.63     -1.284          0          1     79.529     79.820         22    34.5492    27.5919     2.2311    34.5515    27.5937     2.2312 0.0000e+00
     141151   1595.000   1612.006     2.3421   3.141913     2.3428   3.142153     0.9144     0.8944    99.8184     0.0073     4.7216 4.8841e-02      0.018     9.9332      98.63     -1.144          0          1     79.352     79.848         23    34.5489    27.5916     2.2330    34.5511    27.5932     2.2337 0.0000e+00
     141175   1594.000   1610.992     2.3439   3.141999     2.3436   3.142158     0.9140     0.8938    99.8184     0.0073     4.7216 4.9350e-02      0.018     9.9519      98.63     -1.060          0          1     79.147     79.461         24    34.5486    27.5911     2.2349    34.5509    27.5930     2.2346 0.0000e+00
     141199   1593.000   1609.977     2.3441   3.141978     2.3447   3.142205     0.9136     0.8936    99.8086     0.0077     4.7211 4.9605e-02      0.023     9.9685      98.63     -1.014          0          1     79.197     79.746         24    34.5486    27.5911     2.2352    34.5508    27.5928     2.2358 0.0000e+00
     141221   1592.000   1608.963     2.3471   3.142162     2.3473   3.142380     0.9133     0.8935    99.7925     0.0083     4.7204 5.0060e-02      0.024     9.9467      98.63     -1.037          0          1     79.079     79.498         21    34.5482    27.5905     2.2382    34.5507    27.5925     2.2384 0.0000e+00
     141240   1591.000   1607.948     2.3481   3.142189     2.3485   3.142395     0.9131     0.8932    99.7925     0.0083     4.7204 5.0061e-02      0.024     9.9271      98.63     -1.144          0          1     78.991     79.333         18    34.5480    27.5903     2.2393    34.5501    27.5919     2.2397 0.0000e+00
     141258   1590.000   1606.934     2.3482   3.142162     2.3482   3.142342     0.9127     0.8928    99.7925     0.0083     4.7204 5.0061e-02      0.024     9.9129      98.63     -1.268          0          1     79.037     79.436         18    34.5480    27.5903     2.2395    34.5502    27.5921     2.2395 0.0000e+00
     141276   1589.000   1605.919     2.3481   3.142108     2.3481   3.142290     0.9127     0.8929    99.7925     0.0083     4.7204 5.0061e-02      0.023     9.8992      98.63     -1.359          0          1     79.074     79.432         16    34.5480    27.5903     2.2394    34.5502    27.5921     2.2394 0.0000e+00
     141292   1588.000   1604.905     2.3481   3.142067     2.3480   3.142232     0.9126     0.8925    99.7925     0.0083     4.7204 5.0061e-02      0.018     9.8874      98.63     -1.424          0          1     78.912     79.330         17    34.5480    27.5903     2.2395    34.5501    27.5920     2.2394 0.0000e+00
     141309   1587.000   1603.890     2.3506   3.142217     2.3503   3.142382     0.9123     0.8925    99.7925     0.0083     4.7204 5.0061e-02      0.018     9.8849      98.63     -1.459          0          1     78.925     79.450         17    34.5477    27.5898     2.2421    34.5500    27.5917     2.2418 0.0000e+00
     141328   1586.000   1602.876     2.3519   3.142264     2.3522   3.142470     0.9122     0.8924    99.7925     0.0083     4.7204 5.0061e-02      0.018     9.8839      98.63     -1.412          0          1     78.893     79.288         20    34.5474    27.5895     2.2434    34.5496    27.5912     2.2437 0.0000e+00
     141349   1585.000   1601.861     2.3525   3.142273     2.3526   3.142459     0.9120     0.8921    99.7925     0.0083     4.7204 5.0061e-02      0.022     9.8773      98.63     -1.251          0          1     78.835     79.105         22    34.5474    27.5894     2.2441    34.5495    27.5911     2.2442 0.0000e+00
     141373   1584.000   1600.847     2.3530   3.142263     2.3529   3.142450     0.9118     0.8919    99.7925     0.0083     4.7204 5.0061e-02      0.018     9.8749      98.63     -1.084          0          1     78.759     79.188         26    34.5472    27.5892     2.2447    34.5496    27.5912     2.2446 0.0000e+00
     141398   1583.000   1599.832     2.3534   3.142249     2.3534   3.142452     0.9114     0.8915    99.7925     0.0083     4.7204 5.0061e-02      0.024     9.8641      98.63     -0.961          0          1     78.750     79.096         23    34.5472    27.5891     2.2452    34.5496    27.5911     2.2452 0.0000e+00
     141420   1582.000   1598.818     2.3537   3.142236     2.3538   3.142427     0.9117     0.8914    99.7938     0.0082     4.7205 5.0061e-02      0.024     9.8452      98.63     -1.019          0          1     78.919     79.243         20    34.5472    27.5891     2.2455    34.5494    27.5909     2.2456 0.0000e+00
     141439   1581.000   1597.803     2.3539   3.142201     2.3544   3.142436     0.9114     0.8916    99.8187     0.0073     4.7216 5.0061e-02      0.024     9.8398      98.63     -1.182          0          1     78.646     79.165         18    34.5471    27.5890     2.2458    34.5494    27.5908     2.2463 0.0000e+00
     141456   1580.000   1596.789     2.3554   3.142281     2.3556   3.142494     0.9113     0.8913    99.8075     0.0077     4.7211 5.0061e-02      0.024     9.8723      98.63     -1.310          0          1     78.713     78.962         17    34.5469    27.5888     2.2474    34.5493    27.5907     2.2476 0.0000e+00
     141473   1579.000   1595.774     2.3564   3.142310     2.3570   3.142539     0.9113     0.8911    99.7712     0.0091     4.7194 5.0061e-02      0.024     9.9021      98.63     -1.388          0          1     78.765     79.015         18    34.5467    27.5885     2.2485    34.5489    27.5902     2.2490 0.0000e+00
     141491   1578.000   1594.760     2.3601   3.142539     2.3594   3.142687     0.9112     0.8912    99.7668     0.0093     4.7192 5.0061e-02      0.024     9.9178      98.63     -1.406          0          1     78.578     79.171         18    34.5461    27.5877     2.2522    34.5487    27.5898     2.2515 0.0000e+00
     141511   1577.000   1593.746     2.3624   3.142680     2.3634   3.142944     0.9109     0.8912    99.7667     0.0093     4.7192 5.0061e-02      0.024     9.9483      98.63     -1.333          0          1     78.408     78.903         21    34.5459    27.5874     2.2545    34.5481    27.5890     2.2555 0.0000e+00
     141533   1576.000   1592.731     2.3650   3.142836     2.3649   3.143013     0.9106     0.8907    99.7860     0.0086     4.7201 4.9631e-02      0.024     9.9666      98.63     -1.175          0          1     78.432     78.624         23    34.5456    27.5869     2.2572    34.5478    27.5887     2.2571 0.0000e+00
     141556   1575.000   1591.717     2.3655   3.142839     2.3659   3.143044     0.9104     0.8903    99.7925     0.0083     4.7204 4.9044e-02      0.024     9.9382      98.63     -1.067          0          1     78.185     78.651         24    34.5456    27.5868     2.2578    34.5476    27.5884     2.2582 0.0000e+00
     141579   1574.000   1590.702     2.3660   3.142815     2.3666   3.143064     0.9099     0.8899    99.7925     0.0083     4.7204 5.0073e-02      0.019     9.9131      98.63     -1.052          0          1     78.291     78.496         21    34.5453    27.5865     2.2584    34.5477    27.5884     2.2589 0.0000e+00
     141600   1573.000   1589.688     2.3697   3.143061     2.3700   3.143277     0.9097     0.8895    99.8020     0.0079     4.7208 5.0061e-02      0.018     9.9433      98.63     -1.105          0          1     78.094     78.300         19    34.5448    27.5859     2.2621    34.5472    27.5877     2.2624 0.0000e+00
     141619   1572.000   1588.674     2.3719   3.143182     2.3721   3.143383     0.9094     0.8892    99.8183     0.0073     4.7216 5.0061e-02      0.020     9.9820      98.63     -1.206          0          1     77.940     78.511         19    34.5445    27.5854     2.2643    34.5467    27.5872     2.2645 0.0000e+00
     141637   1571.000   1587.659     2.3767   3.143510     2.3759   3.143644     0.9091     0.8892    99.7972     0.0081     4.7206 5.0061e-02      0.022    10.0081      98.63     -1.296          0          1     77.729     78.393         17    34.5439    27.5845     2.2692    34.5464    27.5866     2.2684 0.0000e+00
     141654   1570.000   1586.645     2.3825   3.143902     2.3830   3.144154     0.9084     0.8887    99.7925     0.0083     4.7204 5.0061e-02      0.021    10.0058      98.63     -1.360          0          1     77.617     78.229         18    34.5430    27.5834     2.2750    34.5456    27.5854     2.2755 0.0000e+00
     141672   1569.000   1585.630     2.3861   3.144132     2.3886   3.144515     0.9080     0.8886    99.7925     0.0083     4.7204 4.9561e-02      0.018     9.9895      98.63     -1.389          0          1     77.513     77.921         17    34.5425    27.5826     2.2786    34.5445    27.5841     2.2811 0.0000e+00
     141690   1568.000   1584.616     2.3891   3.144321     2.3893   3.144537     0.9075     0.8876    99.8170     0.0074     4.7215 4.9226e-02      0.018     9.9798      98.63     -1.382          0          1     77.434     77.601         19    34.5421    27.5821     2.2817    34.5446    27.5840     2.2819 0.0000e+00
     141710   1567.000   1583.602     2.3897   3.144330     2.3897   3.144530     0.9070     0.8872    99.7928     0.0083     4.7204 4.9648e-02      0.020    10.0088      98.63     -1.316          0          1     77.250     77.730         21    34.5421    27.5820     2.2823    34.5446    27.5840     2.2823 0.0000e+00
     141732   1566.000   1582.587     2.3907   3.144354     2.3905   3.144527     0.9063     0.8867    99.8063     0.0078     4.7210 5.0054e-02      0.024    10.0522      98.63     -1.176          0          1     77.136     77.647         24    34.5419    27.5817     2.2834    34.5442    27.5836     2.2832 0.0000e+00
     141757   1565.000   1581.573     2.3908   3.144322     2.3910   3.144525     0.9058     0.8859    99.8184     0.0073     4.7216 5.0061e-02      0.024    10.0923      98.63     -1.034          0          1     77.127     77.434         24    34.5419    27.5817     2.2836    34.5441    27.5835     2.2838 0.0000e+00
     141780   1564.000   1580.558     2.3911   3.144300     2.3911   3.144488     0.9052     0.8856    99.8184     0.0073     4.7216 5.0061e-02      0.022    10.1148      98.63     -1.006          0          1     77.001     77.431         21    34.5418    27.5816     2.2840    34.5441    27.5835     2.2840 0.0000e+00
     141799   1563.000   1579.544     2.3920   3.144328     2.3925   3.144555     0.9050     0.8848    99.7921     0.0083     4.7204 5.0061e-02      0.024    10.1105      98.63     -1.116          0          1     77.027     77.155         19    34.5417    27.5815     2.2849    34.5439    27.5832     2.2854 0.0000e+00
     141817   1562.000   1578.530     2.3968   3.144646     2.3968   3.144860     0.9046     0.8846    99.7925     0.0083     4.7204 5.0061e-02      0.024    10.0955      98.63     -1.265          0          1     76.819     77.267         17    34.5410    27.5805     2.2898    34.5436    27.5826     2.2898 0.0000e+00
     141835   1561.000   1577.515     2.4025   3.145044     2.4032   3.145291     0.9041     0.8841    99.8143     0.0075     4.7214 5.0061e-02      0.020    10.0706      98.63     -1.363          0          1     76.642     77.248         18    34.5403    27.5795     2.2955    34.5425    27.5812     2.2962 0.0000e+00
