CTDdata/C18M001.cnv
* Sea-Bird SBE 9 Data File:
* FileName = C:\MR1703C\CTDdata\C18M001.hdr
* Software Version Seasave V 7.23.2
* Temperature SN = 031464
* Conductivity SN = 041203
* Number of Bytes Per Scan = 41
* Number of Voltage Words = 4
* Number of Scans Averaged by the Deck Unit = 1
* NMEA Latitude = 28 58.88 N
* NMEA Longitude = 130 54.22 E
* NMEA UTC (Time) = Jun 08 2017 03:26:48
* NMEA baud rate = 4800
** Cruise: MR17-03C
** Station: C18
** Bottom Depth [m]: 2981.0
** Operator: R.Kobayashi
# nquan = 29                                
# nvalues = 5910                        
# units = specified
# name 0 = scan: Scan Count
# name 1 = depSM: Depth [salt water, m]
# name 2 = prDM: Pressure, Digiquartz [db]
# name 3 = t090C: Temperature [ITS-90, deg C]
# name 4 = c0S/m: Conductivity [S/m]
# name 5 = t190C: Temperature, 2 [ITS-90, deg C]
# name 6 = c1S/m: Conductivity, 2 [S/m]
# name 7 = sbeox0V: Oxygen raw, SBE 43 [V]
# name 8 = sbeox1V: Oxygen raw, SBE 43, 2 [V]
# name 9 = CStarTr0: Beam Transmission, WET Labs C-Star [%]
# name 10 = CStarAt0: Beam Attenuation, WET Labs C-Star [1/m]
# name 11 = v4: Voltage 4
# name 12 = flSP: Fluorescence, Seapoint
# name 13 = seaTurbMtr: Turbidity, Seapoint [FTU]
# name 14 = wetCDOM: Fluorescence, WET Labs CDOM [mg/m^3]
# name 15 = altM: Altimeter [m]
# name 16 = dz/dtM: Descent Rate [m/s]
# name 17 = modError: Modulo Error Count
# name 18 = pumps: Pump Status
# name 19 = sbeox0Mm/Kg: Oxygen, SBE 43 [umol/kg], WS = 2
# name 20 = sbeox1Mm/Kg: Oxygen, SBE 43, 2 [umol/kg], WS = 2
# name 21 = nbin: number of scans per bin
# name 22 = sal00: Salinity, Practical [PSU]
# name 23 = sigma-é00: Density [sigma-theta, kg/m^3]
# name 24 = potemp090C: Potential Temperature [ITS-90, deg C]
# name 25 = sal11: Salinity, Practical, 2 [PSU]
# name 26 = sigma-é11: Density, 2 [sigma-theta, kg/m^3]
# name 27 = potemp190C: Potential Temperature, 2 [ITS-90, deg C]
# name 28 = flag: flag
# span 0 =      16871,     234383       
# span 1 =      1.000,   2957.000       
# span 2 =      1.006,   2998.207       
# span 3 =     1.5570,    25.0922       
# span 4 =   3.128143,   5.284777       
# span 5 =     1.5571,    25.0890       
# span 6 =   3.128288,   5.284764       
# span 7 =     0.8182,     2.6050       
# span 8 =     0.7954,     2.5583       
# span 9 =    98.0163,    99.9479       
# span 10 =     0.0021,     0.0801      
# span 11 =     4.6364,     4.7277      
# span 12 = 3.6618e-02, 5.4946e-01      
# span 13 =      0.018,      0.090      
# span 14 =    -1.0173,   436.5566      
# span 15 =     -14.09,     105.07      
# span 16 =     -1.489,      1.504      
# span 17 =          0,          0      
# span 18 =          1,          1      
# span 19 =     55.683,    216.922      
# span 20 =   -141.528,    214.819      
# span 21 =         16,        248      
# span 22 =    34.2168,    35.0300      
# span 23 =    23.1342,    27.7558      
# span 24 =     1.3394,    25.0920      
# span 25 =    34.2202,    35.0355      
# span 26 =    23.1370,    27.7573      
# span 27 =     1.3393,    25.0888      
# span 28 = 0.0000e+00, 0.0000e+00      
# interval = meters: 1                  
# start_time = Jun 08 2017 03:26:48 [NMEA time, header]
# bad_flag = -9.990e-29
*END*
[from data line 1651]
      56062   1655.000   1672.887     2.3044   3.141551     2.3053   3.141849     0.9135     0.8924    99.9217     0.0031     4.7265 5.0061e-02      0.024     9.0392      98.63      1.269          0          1     80.287     80.440         17    34.5541    27.5991     2.1909    34.5568    27.6012     2.1918 0.0000e+00
      56080   1656.000   1673.901     2.3038   3.141550     2.3047   3.141849     0.9138     0.8929    99.9217     0.0031     4.7265 5.0061e-02      0.024     9.0025      98.63      1.370          0          1     80.244     80.477         18    34.5542    27.5992     2.1902    34.5569    27.6013     2.1911 0.0000e+00
      56097   1657.000   1674.916     2.3006   3.141337     2.3005   3.141543     0.9135     0.8924    99.9217     0.0031     4.7265 5.0061e-02      0.024     8.9841      98.63      1.394          0          1     80.066     80.395         18    34.5545    27.5997     2.1870    34.5571    27.6019     2.1869 0.0000e+00
      56116   1658.000   1675.931     2.2930   3.140814     2.2933   3.141057     0.9136     0.8929    99.9217     0.0031     4.7265 5.0061e-02      0.022     8.9529      98.63      1.355          0          1     80.425     80.899         19    34.5557    27.6013     2.1794    34.5583    27.6034     2.1797 0.0000e+00
      56136   1659.000   1676.945     2.2901   3.140640     2.2910   3.140916     0.9142     0.8933    99.8983     0.0041     4.7254 5.0061e-02      0.019     8.9245      98.63      1.281          0          1     80.835     80.795         21    34.5561    27.6019     2.1764    34.5585    27.6038     2.1773 0.0000e+00
      56158   1660.000   1677.961     2.2889   3.140582     2.2897   3.140871     0.9147     0.8937    99.8993     0.0040     4.7255 4.9449e-02      0.020     8.9345      98.63      1.181          0          1     80.826     81.026         22    34.5562    27.6021     2.1752    34.5589    27.6042     2.1759 0.0000e+00
      56180   1661.000   1678.975     2.2879   3.140549     2.2881   3.140774     0.9151     0.8942    99.9219     0.0031     4.7265 4.8836e-02      0.019     8.9459      98.63      1.113          0          1     80.840     81.213         22    34.5563    27.6023     2.1741    34.5589    27.6043     2.1743 0.0000e+00
      56201   1662.000   1679.990     2.2839   3.140285     2.2844   3.140561     0.9154     0.8946    99.9217     0.0031     4.7265 4.8840e-02      0.018     8.9375      98.63      1.121          0          1     81.133     81.187         20    34.5569    27.6030     2.1701    34.5597    27.6053     2.1705 0.0000e+00
      56220   1663.000   1681.005     2.2827   3.140238     2.2835   3.140522     0.9161     0.8949    99.9217     0.0031     4.7265 4.8840e-02      0.018     8.9372      98.63      1.196          0          1     81.204     81.301         19    34.5571    27.6033     2.1688    34.5597    27.6053     2.1696 0.0000e+00
      56239   1664.000   1682.020     2.2823   3.140242     2.2832   3.140544     0.9165     0.8954    99.9217     0.0031     4.7265 4.8840e-02      0.018     8.9523      98.63      1.261          0          1     81.062     81.558         19    34.5570    27.6033     2.1683    34.5598    27.6054     2.1692 0.0000e+00
      56258   1665.000   1683.035     2.2819   3.140261     2.2829   3.140569     0.9165     0.8959    99.9191     0.0032     4.7264 4.8840e-02      0.021     8.9517      98.63      1.272          0          1     81.237     81.465         20    34.5572    27.6035     2.1678    34.5599    27.6055     2.1688 0.0000e+00
      56279   1666.000   1684.050     2.2816   3.140283     2.2825   3.140580     0.9173     0.8962    99.8955     0.0042     4.7253 4.9025e-02      0.024     8.9104      98.63      1.231          0          1     81.537     81.445         20    34.5573    27.6035     2.1675    34.5599    27.6056     2.1683 0.0000e+00
      56299   1667.000   1685.064     2.2812   3.140302     2.2822   3.140606     0.9176     0.8964    99.8958     0.0042     4.7253 5.0067e-02      0.024     8.8839      98.63      1.198          0          1     81.304     81.446         21    34.5574    27.6037     2.1670    34.5601    27.6058     2.1680 0.0000e+00
      56319   1668.000   1686.079     2.2810   3.140323     2.2820   3.140629     0.9177     0.8966    99.8958     0.0042     4.7253 5.0061e-02      0.024     8.8908      98.63      1.208          0          1     81.398     81.684         19    34.5574    27.6037     2.1667    34.5600    27.6058     2.1677 0.0000e+00
      56338   1669.000   1687.094     2.2801   3.140295     2.2809   3.140596     0.9181     0.8972    99.8958     0.0042     4.7253 5.0061e-02      0.019     8.8995      98.63      1.244          0          1     81.473     81.834         19    34.5575    27.6039     2.1657    34.5603    27.6061     2.1665 0.0000e+00
      56357   1670.000   1688.109     2.2774   3.140132     2.2779   3.140387     0.9184     0.8973    99.9150     0.0034     4.7262 5.0061e-02      0.018     8.9021      98.63      1.268          0          1     81.455     81.794         19    34.5578    27.6044     2.1630    34.5604    27.6064     2.1635 0.0000e+00
      56377   1671.000   1689.124     2.2762   3.140090     2.2772   3.140397     0.9183     0.8979    99.9217     0.0031     4.7265 5.0061e-02      0.018     8.8912      98.63      1.263          0          1     81.429     81.663         21    34.5581    27.6047     2.1617    34.5608    27.6068     2.1627 0.0000e+00
      56398   1672.000   1690.139     2.2761   3.140121     2.2769   3.140423     0.9187     0.8973    99.9217     0.0031     4.7265 4.9946e-02      0.019     8.8830      98.63      1.210          0          1     81.582     81.636         21    34.5581    27.6047     2.1615    34.5609    27.6069     2.1623 0.0000e+00
      56420   1673.000   1691.154     2.2758   3.140142     2.2768   3.140455     0.9188     0.8982    99.9217     0.0031     4.7265 4.9506e-02      0.022     8.8981      98.63      1.147          0          1     81.611     82.210         22    34.5581    27.6048     2.1612    34.5609    27.6069     2.1621 0.0000e+00
      56440   1674.000   1692.169     2.2750   3.140118     2.2762   3.140442     0.9191     0.8984    99.9217     0.0031     4.7265 5.0060e-02      0.023     8.9397      98.63      1.129          0          1     81.671     81.963         20    34.5582    27.6049     2.1603    34.5609    27.6069     2.1615 0.0000e+00
      56459   1675.000   1693.183     2.2737   3.140071     2.2746   3.140371     0.9191     0.8987    99.9217     0.0031     4.7265 5.0061e-02      0.020     8.9520      98.63      1.197          0          1     81.597     81.946         17    34.5585    27.6052     2.1589    34.5612    27.6073     2.1598 0.0000e+00
      56476   1676.000   1694.198     2.2728   3.140051     2.2738   3.140353     0.9193     0.8987    99.9156     0.0034     4.7262 4.9989e-02      0.022     8.9737      98.63      1.327          0          1     81.758     81.841         17    34.5587    27.6055     2.1579    34.5613    27.6075     2.1589 0.0000e+00
      56493   1677.000   1695.213     2.2720   3.140034     2.2731   3.140347     0.9194     0.8987    99.8957     0.0042     4.7253 4.8834e-02      0.018     9.0100      98.63      1.433          0          1     81.764     81.843         16    34.5588    27.6057     2.1571    34.5615    27.6077     2.1582 0.0000e+00
      56510   1678.000   1696.228     2.2712   3.140014     2.2722   3.140315     0.9196     0.8987    99.8958     0.0042     4.7253 4.8840e-02      0.018     9.0459      98.63      1.457          0          1     81.902     81.860         19    34.5589    27.6058     2.1562    34.5616    27.6078     2.1572 0.0000e+00
      56529   1679.000   1697.243     2.2693   3.139915     2.2704   3.140214     0.9201     0.8987    99.8958     0.0042     4.7253 4.9233e-02      0.021     9.0521      98.63      1.370          0          1     81.898     82.040         21    34.5592    27.6062     2.1542    34.5617    27.6081     2.1553 0.0000e+00
      56552   1680.000   1698.258     2.2681   3.139849     2.2692   3.140161     0.9198     0.8991    99.8980     0.0041     4.7254 5.0047e-02      0.021     9.0586      98.63      1.191          0          1     81.874     82.143         23    34.5592    27.6063     2.1530    34.5618    27.6083     2.1541 0.0000e+00
      56576   1681.000   1699.273     2.2676   3.139857     2.2687   3.140163     0.9204     0.8992    99.8969     0.0042     4.7253 4.9805e-02      0.018     9.0558      98.63      1.045          0          1     82.149     82.377         24    34.5593    27.6064     2.1524    34.5619    27.6084     2.1535 0.0000e+00
      56599   1682.000   1700.288     2.2671   3.139877     2.2683   3.140173     0.9206     0.8998    99.9003     0.0040     4.7255 4.8828e-02      0.018     9.0299      98.63      1.013          0          1     81.944     82.234         23    34.5596    27.6067     2.1518    34.5619    27.6085     2.1530 0.0000e+00
      56621   1683.000   1701.303     2.2669   3.139892     2.2681   3.140203     0.9206     0.8998    99.8957     0.0042     4.7253 4.8840e-02      0.020     9.0090      98.63      1.066          0          1     82.047     82.246         20    34.5595    27.6066     2.1515    34.5620    27.6085     2.1527 0.0000e+00
      56640   1684.000   1702.318     2.2660   3.139869     2.2671   3.140177     0.9208     0.9001    99.9089     0.0036     4.7259 4.8840e-02      0.024     9.0251      98.63      1.177          0          1     82.107     82.326         18    34.5596    27.6068     2.1506    34.5622    27.6088     2.1517 0.0000e+00
      56658   1685.000   1703.333     2.2660   3.139906     2.2670   3.140223     0.9210     0.9000    99.9131     0.0035     4.7261 4.8840e-02      0.023     9.0378      98.63      1.301          0          1     82.167     82.179         18    34.5596    27.6068     2.1505    34.5624    27.6090     2.1515 0.0000e+00
      56676   1686.000   1704.348     2.2660   3.139956     2.2670   3.140243     0.9213     0.8999    99.8956     0.0042     4.7253 4.9252e-02      0.021     9.0457      98.63      1.351          0          1     82.174     82.499         18    34.5597    27.6069     2.1504    34.5621    27.6088     2.1514 0.0000e+00
      56693   1687.000   1705.363     2.2656   3.139977     2.2667   3.140275     0.9211     0.9007    99.9029     0.0039     4.7256 4.9985e-02      0.023     9.0512      98.63      1.362          0          1     82.157     82.564         18    34.5599    27.6071     2.1499    34.5623    27.6090     2.1510 0.0000e+00
      56712   1688.000   1706.378     2.2654   3.140002     2.2664   3.140296     0.9212     0.9003    99.9213     0.0031     4.7265 5.0059e-02      0.024     9.0571      98.63      1.368          0          1     82.232     82.310         19    34.5599    27.6071     2.1497    34.5624    27.6090     2.1506 0.0000e+00
      56732   1689.000   1707.393     2.2652   3.140018     2.2662   3.140321     0.9215     0.9007    99.9217     0.0031     4.7265 4.9833e-02      0.024     9.0596      98.63      1.300          0          1     82.258     82.793         21    34.5598    27.6070     2.1494    34.5624    27.6091     2.1504 0.0000e+00
      56755   1690.000   1708.408     2.2649   3.140040     2.2660   3.140347     0.9216     0.9012    99.9217     0.0031     4.7265 4.9817e-02      0.023     9.0632      98.63      1.148          0          1     82.227     82.412         25    34.5599    27.6071     2.1490    34.5624    27.6091     2.1501 0.0000e+00
      56779   1691.000   1709.423     2.2644   3.140048     2.2654   3.140350     0.9215     0.9009    99.9217     0.0031     4.7265 5.0058e-02      0.022     9.0417      98.63      1.006          0          1     82.106     82.519         24    34.5600    27.6073     2.1484    34.5626    27.6093     2.1494 0.0000e+00
      56802   1692.000   1710.437     2.2637   3.140030     2.2648   3.140344     0.9215     0.9012    99.9020     0.0039     4.7256 4.9378e-02      0.018     8.9973      98.63      1.024          0          1     82.284     82.587         20    34.5600    27.6074     2.1476    34.5627    27.6094     2.1487 0.0000e+00
      56821   1693.000   1711.453     2.2620   3.139950     2.2631   3.140266     0.9217     0.9012    99.8971     0.0041     4.7254 4.8821e-02      0.018     8.9999      98.63      1.134          0          1     82.338     82.404         18    34.5603    27.6078     2.1459    34.5630    27.6098     2.1470 0.0000e+00
      56839   1694.000   1712.468     2.2607   3.139886     2.2618   3.140195     0.9216     0.9009    99.8958     0.0042     4.7253 4.8840e-02      0.021     9.0005      98.63      1.282          0          1     82.303     82.518         19    34.5604    27.6079     2.1445    34.5630    27.6099     2.1456 0.0000e+00
      56857   1695.000   1713.483     2.2569   3.139644     2.2582   3.139955     0.9218     0.9011    99.8958     0.0042     4.7253 4.8840e-02      0.024     8.9891      98.63      1.340          0          1     82.516     82.705         18    34.5610    27.6087     2.1407    34.5634    27.6106     2.1420 0.0000e+00
      56876   1696.000   1714.498     2.2542   3.139489     2.2552   3.139791     0.9221     0.9015    99.8958     0.0042     4.7253 4.8840e-02      0.018     8.9702      98.63      1.321          0          1     82.602     82.797         20    34.5615    27.6093     2.1379    34.5641    27.6113     2.1389 0.0000e+00
      56896   1697.000   1715.513     2.2518   3.139347     2.2530   3.139649     0.9222     0.9014    99.8958     0.0042     4.7253 4.8840e-02      0.018     8.9699      98.63      1.269          0          1     82.710     82.827         20    34.5618    27.6098     2.1355    34.5642    27.6116     2.1367 0.0000e+00
      56917   1698.000   1716.528     2.2489   3.139164     2.2500   3.139462     0.9228     0.9017    99.8958     0.0042     4.7253 4.8956e-02      0.024     8.9997      98.63      1.204          0          1     82.951     82.977         21    34.5621    27.6103     2.1325    34.5646    27.6122     2.1336 0.0000e+00
      56937   1699.000   1717.543     2.2465   3.139028     2.2475   3.139324     0.9232     0.9020    99.9010     0.0040     4.7255 4.9509e-02      0.024     9.0205      98.63      1.184          0          1     83.117     83.162         20    34.5625    27.6108     2.1301    34.5651    27.6128     2.1311 0.0000e+00
      56957   1700.000   1718.558     2.2442   3.138890     2.2455   3.139207     0.9238     0.9027    99.9216     0.0031     4.7265 4.9512e-02      0.024     9.0334      98.63      1.201          0          1     83.059     83.401         20    34.5628    27.6112     2.1277    34.5653    27.6131     2.1290 0.0000e+00
      56977   1701.000   1719.573     2.2432   3.138859     2.2442   3.139160     0.9239     0.9029    99.8961     0.0042     4.7253 4.9270e-02      0.021     9.0845      98.63      1.222          0          1     83.239     83.402         20    34.5629    27.6114     2.1267    34.5656    27.6134     2.1276 0.0000e+00
      56998   1702.000   1720.588     2.2425   3.138840     2.2434   3.139136     0.9245     0.9035    99.9036     0.0039     4.7257 4.9391e-02      0.024     9.1024      98.63      1.215          0          1     83.427     83.552         20    34.5629    27.6115     2.1259    34.5656    27.6135     2.1268 0.0000e+00
      57018   1703.000   1721.603     2.2418   3.138846     2.2428   3.139143     0.9251     0.9037    99.9219     0.0031     4.7265 4.9657e-02      0.024     9.1063      98.63      1.192          0          1     83.288     83.380         21    34.5633    27.6118     2.1251    34.5658    27.6138     2.1261 0.0000e+00
