CTDdata/C18M001.cnv
* Sea-Bird SBE 9 Data File:
* FileName = C:\MR1703C\CTDdata\C18M001.hdr
* Software Version Seasave V 7.23.2
* Temperature SN = 031464
* Conductivity SN = 041203
* Number of Bytes Per Scan = 41
* Number of Voltage Words = 4
* Number of Scans Averaged by the Deck Unit = 1
* NMEA Latitude = 28 58.88 N
* NMEA Longitude = 130 54.22 E
* NMEA UTC (Time) = Jun 08 2017 03:26:48
* NMEA baud rate = 4800
** Cruise: MR17-03C
** Station: C18
** Bottom Depth [m]: 2981.0
** Operator: R.Kobayashi
# nquan = 29                                
# nvalues = 5910                        
# units = specified
# name 0 = scan: Scan Count
# name 1 = depSM: Depth [salt water, m]
# name 2 = prDM: Pressure, Digiquartz [db]
# name 3 = t090C: Temperature [ITS-90, deg C]
# name 4 = c0S/m: Conductivity [S/m]
# name 5 = t190C: Temperature, 2 [ITS-90, deg C]
# name 6 = c1S/m: Conductivity, 2 [S/m]
# name 7 = sbeox0V: Oxygen raw, SBE 43 [V]
# name 8 = sbeox1V: Oxygen raw, SBE 43, 2 [V]
# name 9 = CStarTr0: Beam Transmission, WET Labs C-Star [%]
# name 10 = CStarAt0: Beam Attenuation, WET Labs C-Star [1/m]
# name 11 = v4: Voltage 4
# name 12 = flSP: Fluorescence, Seapoint
# name 13 = seaTurbMtr: Turbidity, Seapoint [FTU]
# name 14 = wetCDOM: Fluorescence, WET Labs CDOM [mg/m^3]
# name 15 = altM: Altimeter [m]
# name 16 = dz/dtM: Descent Rate [m/s]
# name 17 = modError: Modulo Error Count
# name 18 = pumps: Pump Status
# name 19 = sbeox0Mm/Kg: Oxygen, SBE 43 [umol/kg], WS = 2
# name 20 = sbeox1Mm/Kg: Oxygen, SBE 43, 2 [umol/kg], WS = 2
# name 21 = nbin: number of scans per bin
# name 22 = sal00: Salinity, Practical [PSU]
# name 23 = sigma-é00: Density [sigma-theta, kg/m^3]
# name 24 = potemp090C: Potential Temperature [ITS-90, deg C]
# name 25 = sal11: Salinity, Practical, 2 [PSU]
# name 26 = sigma-é11: Density, 2 [sigma-theta, kg/m^3]
# name 27 = potemp190C: Potential Temperature, 2 [ITS-90, deg C]
# name 28 = flag: flag
# span 0 =      16871,     234383       
# span 1 =      1.000,   2957.000       
# span 2 =      1.006,   2998.207       
# span 3 =     1.5570,    25.0922       
# span 4 =   3.128143,   5.284777       
# span 5 =     1.5571,    25.0890       
# span 6 =   3.128288,   5.284764       
# span 7 =     0.8182,     2.6050       
# span 8 =     0.7954,     2.5583       
# span 9 =    98.0163,    99.9479       
# span 10 =     0.0021,     0.0801      
# span 11 =     4.6364,     4.7277      
# span 12 = 3.6618e-02, 5.4946e-01      
# span 13 =      0.018,      0.090      
# span 14 =    -1.0173,   436.5566      
# span 15 =     -14.09,     105.07      
# span 16 =     -1.489,      1.504      
# span 17 =          0,          0      
# span 18 =          1,          1      
# span 19 =     55.683,    216.922      
# span 20 =   -141.528,    214.819      
# span 21 =         16,        248      
# span 22 =    34.2168,    35.0300      
# span 23 =    23.1342,    27.7558      
# span 24 =     1.3394,    25.0920      
# span 25 =    34.2202,    35.0355      
# span 26 =    23.1370,    27.7573      
# span 27 =     1.3393,    25.0888      
# span 28 = 0.0000e+00, 0.0000e+00      
# interval = meters: 1                  
# start_time = Jun 08 2017 03:26:48 [NMEA time, header]
# bad_flag = -9.990e-29
*END*
[from data line 1201]
      47141   1205.000   1216.709     3.0505   3.179129     3.0522   3.179579     0.8229     0.8003    99.8958     0.0042     4.7253 5.1282e-02      0.023     8.3032      98.63      1.317          0          1     57.606     57.593         18    34.4499    27.4491     2.9655    34.4535    27.4518     2.9671 0.0000e+00
      47160   1206.000   1217.721     3.0497   3.179126     3.0513   3.179560     0.8240     0.8005    99.8958     0.0042     4.7253 5.1282e-02      0.024     8.3121      98.63      1.342          0          1     57.898     57.456         19    34.4502    27.4494     2.9646    34.4537    27.4521     2.9662 0.0000e+00
      47180   1207.000   1218.734     3.0490   3.179114     3.0510   3.179570     0.8235     0.8001    99.8958     0.0042     4.7253 5.1282e-02      0.020     8.3101      98.63      1.294          0          1     57.430     57.472         20    34.4502    27.4495     2.9638    34.4536    27.4520     2.9658 0.0000e+00
      47201   1208.000   1219.746     3.0490   3.179166     3.0510   3.179620     0.8233     0.8005    99.8828     0.0047     4.7247 5.1282e-02      0.018     8.2824      98.63      1.211          0          1     57.640     57.717         22    34.4503    27.4496     2.9637    34.4537    27.4521     2.9657 0.0000e+00
      47223   1209.000   1220.759     3.0498   3.179263     3.0522   3.179761     0.8239     0.8005    99.8698     0.0052     4.7241 5.2405e-02      0.018     8.2441      98.63      1.126          0          1     57.827     57.574         22    34.4502    27.4494     2.9645    34.4536    27.4519     2.9668 0.0000e+00
      47244   1210.000   1221.772     3.0501   3.179316     3.0517   3.179751     0.8235     0.8006    99.8936     0.0043     4.7252 5.2505e-02      0.018     8.1926      98.63      1.112          0          1     57.708     57.568         20    34.4500    27.4492     2.9647    34.4535    27.4519     2.9662 0.0000e+00
      47264   1211.000   1222.785     3.0498   3.179339     3.0507   3.179725     0.8241     0.8005    99.8958     0.0042     4.7253 5.2135e-02      0.018     8.1639      98.63      1.178          0          1     57.855     57.649         20    34.4500    27.4493     2.9643    34.4537    27.4522     2.9652 0.0000e+00
      47282   1212.000   1223.797     3.0471   3.179192     3.0494   3.179684     0.8236     0.8008    99.8958     0.0042     4.7253 5.1290e-02      0.022     8.1722      98.63      1.247          0          1     57.494     57.780         18    34.4506    27.4500     2.9615    34.4541    27.4526     2.9638 0.0000e+00
      47301   1213.000   1224.810     3.0477   3.179272     3.0496   3.179733     0.8235     0.8008    99.8958     0.0042     4.7253 5.1282e-02      0.024     8.1653      98.63      1.296          0          1     57.645     57.626         19    34.4504    27.4498     2.9621    34.4540    27.4525     2.9639 0.0000e+00
      47320   1214.000   1225.823     3.0416   3.178863     3.0443   3.179312     0.8238     0.8007    99.8958     0.0042     4.7253 5.1282e-02      0.024     8.1721      98.63      1.289          0          1     57.853     57.549         20    34.4514    27.4512     2.9559    34.4540    27.4530     2.9586 0.0000e+00
      47341   1215.000   1226.836     3.0387   3.178697     3.0400   3.179105     0.8236     0.8006    99.8958     0.0042     4.7253 5.1282e-02      0.018     8.1750      98.63      1.230          0          1     57.830     57.685         21    34.4520    27.4519     2.9530    34.4555    27.4546     2.9543 0.0000e+00
      47362   1216.000   1227.848     3.0368   3.178596     3.0385   3.179044     0.8242     0.8008    99.8748     0.0050     4.7243 5.1282e-02      0.019     8.1482      98.63      1.165          0          1     58.125     57.818         22    34.4522    27.4523     2.9510    34.4558    27.4550     2.9527 0.0000e+00
      47384   1217.000   1228.861     3.0355   3.178542     3.0372   3.178972     0.8247     0.8009    99.8700     0.0052     4.7241 5.1282e-02      0.023     8.0987      98.63      1.121          0          1     57.982     58.002         21    34.4524    27.4525     2.9496    34.4558    27.4551     2.9513 0.0000e+00
      47405   1218.000   1229.873     3.0306   3.178179     3.0325   3.178639     0.8242     0.8016    99.8700     0.0052     4.7241 5.1282e-02      0.024     8.0534      98.63      1.133          0          1     57.984     58.140         20    34.4527    27.4532     2.9447    34.4562    27.4559     2.9466 0.0000e+00
      47423   1219.000   1230.886     3.0296   3.178144     3.0314   3.178587     0.8250     0.8016    99.8530     0.0059     4.7232 5.1282e-02      0.020     8.0299      98.63      1.221          0          1     58.287     58.033         18    34.4528    27.4534     2.9436    34.4563    27.4560     2.9454 0.0000e+00
      47441   1220.000   1231.899     3.0268   3.177975     3.0287   3.178410     0.8249     0.8020    99.8442     0.0062     4.7228 5.1282e-02      0.022     8.0200      98.63      1.315          0          1     58.080     58.077         17    34.4532    27.4540     2.9408    34.4565    27.4564     2.9427 0.0000e+00
      47459   1221.000   1232.912     3.0262   3.177966     3.0279   3.178417     0.8252     0.8018    99.8589     0.0056     4.7235 5.1282e-02      0.018     8.0013      98.63      1.369          0          1     58.067     58.145         19    34.4532    27.4541     2.9401    34.4569    27.4568     2.9418 0.0000e+00
      47478   1222.000   1233.924     3.0237   3.177838     3.0255   3.178268     0.8250     0.8023    99.8810     0.0048     4.7246 5.2056e-02      0.023     7.9740      98.63      1.344          0          1     58.171     58.083         20    34.4538    27.4548     2.9375    34.4571    27.4572     2.9393 0.0000e+00
      47500   1223.000   1234.937     3.0145   3.177180     3.0166   3.177634     0.8253     0.8022    99.8957     0.0042     4.7253 5.2078e-02      0.023     7.9350      98.63      1.204          0          1     58.436     58.238         23    34.4551    27.4566     2.9284    34.4583    27.4590     2.9304 0.0000e+00
      47523   1224.000   1235.950     3.0036   3.176475     3.0051   3.176882     0.8259     0.8030    99.8958     0.0042     4.7253 5.1760e-02      0.018     7.8704      98.63      1.076          0          1     58.559     58.641         23    34.4576    27.4596     2.9175    34.4609    27.4621     2.9190 0.0000e+00
      47545   1225.000   1236.963     3.0027   3.176451     3.0047   3.176892     0.8266     0.8033    99.8958     0.0042     4.7253 5.1283e-02      0.018     7.8429      98.63      1.062          0          1     58.949     58.667         22    34.4577    27.4598     2.9165    34.4609    27.4621     2.9185 0.0000e+00
      47566   1226.000   1237.975     3.0017   3.176425     3.0038   3.176891     0.8271     0.8041    99.8958     0.0042     4.7253 5.1282e-02      0.018     7.8343      98.63      1.111          0          1     58.937     58.856         19    34.4579    27.4600     2.9154    34.4613    27.4626     2.9175 0.0000e+00
      47585   1227.000   1238.988     3.0024   3.176534     3.0045   3.176987     0.8280     0.8046    99.8958     0.0042     4.7253 5.1282e-02      0.018     7.8398      98.63      1.212          0          1     59.069     58.879         18    34.4580    27.4600     2.9160    34.4612    27.4624     2.9181 0.0000e+00
      47602   1228.000   1240.001     3.0033   3.176632     3.0047   3.177057     0.8282     0.8047    99.8958     0.0042     4.7253 5.1282e-02      0.018     7.8661      98.63      1.316          0          1     59.151     58.865         18    34.4577    27.4597     2.9169    34.4614    27.4625     2.9182 0.0000e+00
      47620   1229.000   1241.014     3.0036   3.176702     3.0054   3.177142     0.8290     0.8053    99.8780     0.0049     4.7245 5.1282e-02      0.018     7.8978      98.63      1.378          0          1     59.232     59.096         17    34.4577    27.4597     2.9171    34.4611    27.4623     2.9188 0.0000e+00
      47637   1230.000   1242.026     3.0035   3.176738     3.0051   3.177167     0.8291     0.8059    99.8701     0.0052     4.7241 5.1282e-02      0.021     7.8980      98.63      1.409          0          1     58.948     59.101         17    34.4578    27.4598     2.9169    34.4612    27.4624     2.9185 0.0000e+00
      47655   1231.000   1243.039     3.0029   3.176739     3.0052   3.177219     0.8290     0.8060    99.8932     0.0043     4.7252 5.1282e-02      0.018     7.9054      98.63      1.397          0          1     59.192     59.146         19    34.4579    27.4599     2.9162    34.4612    27.4624     2.9185 0.0000e+00
      47675   1232.000   1244.052     3.0029   3.176783     3.0046   3.177235     0.8298     0.8067    99.8958     0.0042     4.7253 5.1282e-02      0.018     7.9130      98.63      1.286          0          1     59.234     59.261         22    34.4579    27.4599     2.9161    34.4616    27.4627     2.9178 0.0000e+00
      47698   1233.000   1245.065     3.0039   3.176907     3.0054   3.177331     0.8298     0.8068    99.8958     0.0042     4.7253 5.1282e-02      0.023     7.9019      98.63      1.151          0          1     59.052     59.046         23    34.4578    27.4598     2.9170    34.4614    27.4625     2.9185 0.0000e+00
      47721   1234.000   1246.077     3.0037   3.176940     3.0057   3.177397     0.8297     0.8071    99.8958     0.0042     4.7253 5.1282e-02      0.023     7.9096      98.63      1.073          0          1     59.082     59.162         23    34.4579    27.4599     2.9168    34.4613    27.4624     2.9187 0.0000e+00
      47744   1235.000   1247.090     3.0032   3.176942     3.0051   3.177393     0.8300     0.8072    99.8803     0.0048     4.7246 5.1282e-02      0.023     7.9396      98.63      1.041          0          1     59.126     59.221         22    34.4580    27.4600     2.9162    34.4614    27.4626     2.9181 0.0000e+00
      47765   1236.000   1248.103     3.0018   3.176881     3.0033   3.177301     0.8300     0.8074    99.8864     0.0046     4.7249 5.1282e-02      0.024     7.9862      98.63      1.094          0          1     59.155     59.018         19    34.4582    27.4603     2.9147    34.4617    27.4629     2.9162 0.0000e+00
      47783   1237.000   1249.116     3.0041   3.177097     3.0057   3.177519     0.8298     0.8072    99.8944     0.0043     4.7252 5.1827e-02      0.024     7.9868      98.63      1.223          0          1     59.131     59.143         18    34.4578    27.4598     2.9169    34.4612    27.4624     2.9185 0.0000e+00
      47800   1238.000   1250.129     3.0038   3.177118     3.0054   3.177544     0.8303     0.8074    99.8958     0.0042     4.7253 5.1286e-02      0.020     7.9802      98.63      1.338          0          1     59.143     59.250         18    34.4579    27.4599     2.9165    34.4614    27.4625     2.9181 0.0000e+00
      47818   1239.000   1251.141     3.0033   3.177125     3.0048   3.177553     0.8298     0.8077    99.8958     0.0042     4.7253 5.1282e-02      0.020     7.9900      98.63      1.367          0          1     59.052     59.091         18    34.4580    27.4600     2.9160    34.4616    27.4628     2.9174 0.0000e+00
      47837   1240.000   1252.154     2.9999   3.176925     3.0017   3.177356     0.8301     0.8073    99.8857     0.0046     4.7248 5.1282e-02      0.018     8.0035      98.63      1.344          0          1     59.180     59.122         20    34.4587    27.4609     2.9125    34.4620    27.4634     2.9143 0.0000e+00
      47858   1241.000   1253.167     2.9975   3.176784     2.9993   3.177221     0.8301     0.8077    99.8701     0.0052     4.7241 5.1282e-02      0.018     8.0253      98.63      1.251          0          1     59.162     59.384         21    34.4590    27.4614     2.9101    34.4624    27.4639     2.9118 0.0000e+00
      47880   1242.000   1254.180     2.9961   3.176717     2.9979   3.177160     0.8299     0.8077    99.8700     0.0052     4.7241 5.1282e-02      0.021     8.0785      98.63      1.127          0          1     59.189     59.170         23    34.4591    27.4616     2.9086    34.4626    27.4642     2.9104 0.0000e+00
      47903   1243.000   1255.193     2.9941   3.176604     2.9959   3.177047     0.8302     0.8077    99.8700     0.0052     4.7241 5.1282e-02      0.024     8.1039      98.63      1.080          0          1     59.343     59.334         22    34.4594    27.4620     2.9065    34.4628    27.4646     2.9083 0.0000e+00
      47923   1244.000   1256.205     2.9912   3.176430     2.9931   3.176869     0.8304     0.8080    99.8700     0.0052     4.7241 5.1282e-02      0.024     8.1055      98.63      1.126          0          1     59.252     59.372         19    34.4598    27.4626     2.9036    34.4631    27.4651     2.9055 0.0000e+00
      47942   1245.000   1257.218     2.9891   3.176290     2.9909   3.176716     0.8302     0.8079    99.8700     0.0052     4.7241 5.1282e-02      0.023     8.1149      98.63      1.219          0          1     59.326     59.340         18    34.4598    27.4628     2.9014    34.4631    27.4652     2.9032 0.0000e+00
      47960   1246.000   1258.231     2.9809   3.175719     2.9828   3.176155     0.8307     0.8083    99.8700     0.0052     4.7241 5.1479e-02      0.018     8.1342      98.63      1.295          0          1     59.594     59.617         19    34.4611    27.4646     2.8932    34.4643    27.4670     2.8951 0.0000e+00
      47980   1247.000   1259.244     2.9765   3.175438     2.9782   3.175869     0.8310     0.8084    99.8700     0.0052     4.7241 5.1526e-02      0.018     8.1360      98.63      1.299          0          1     59.497     59.578         20    34.4618    27.4655     2.8888    34.4652    27.4681     2.8905 0.0000e+00
      48000   1248.000   1260.257     2.9720   3.175142     2.9739   3.175571     0.8307     0.8087    99.8700     0.0052     4.7241 5.1859e-02      0.018     8.1027      98.63      1.249          0          1     59.546     59.576         21    34.4625    27.4665     2.8842    34.4657    27.4688     2.8861 0.0000e+00
      48021   1249.000   1261.270     2.9695   3.174978     2.9713   3.175408     0.8315     0.8087    99.8918     0.0044     4.7251 5.1347e-02      0.018     8.0845      98.63      1.188          0          1     59.878     59.691         21    34.4626    27.4668     2.8817    34.4659    27.4693     2.8835 0.0000e+00
      48042   1250.000   1262.283     2.9670   3.174822     2.9690   3.175278     0.8319     0.8093    99.8958     0.0042     4.7253 5.2319e-02      0.018     8.0777      98.63      1.153          0          1     59.752     59.876         21    34.4629    27.4673     2.8791    34.4663    27.4698     2.8811 0.0000e+00
      48062   1251.000   1263.295     2.9644   3.174650     2.9661   3.175078     0.8320     0.8094    99.8958     0.0042     4.7253 5.1290e-02      0.018     8.0722      98.63      1.164          0          1     59.773     59.781         20    34.4630    27.4676     2.8765    34.4664    27.4702     2.8781 0.0000e+00
      48082   1252.000   1264.308     2.9616   3.174483     2.9633   3.174912     0.8321     0.8096    99.8855     0.0046     4.7248 5.1282e-02      0.021     8.0769      98.63      1.192          0          1     59.888     59.923         20    34.4635    27.4682     2.8736    34.4668    27.4708     2.8753 0.0000e+00
      48102   1253.000   1265.321     2.9549   3.174027     2.9562   3.174416     0.8327     0.8101    99.8702     0.0052     4.7241 5.1282e-02      0.020     8.0468      98.63      1.217          0          1     60.052     60.210         20    34.4645    27.4697     2.8669    34.4678    27.4722     2.8682 0.0000e+00
