CTDdata/C18M001.cnv
* Sea-Bird SBE 9 Data File:
* FileName = C:\MR1703C\CTDdata\C18M001.hdr
* Software Version Seasave V 7.23.2
* Temperature SN = 031464
* Conductivity SN = 041203
* Number of Bytes Per Scan = 41
* Number of Voltage Words = 4
* Number of Scans Averaged by the Deck Unit = 1
* NMEA Latitude = 28 58.88 N
* NMEA Longitude = 130 54.22 E
* NMEA UTC (Time) = Jun 08 2017 03:26:48
* NMEA baud rate = 4800
** Cruise: MR17-03C
** Station: C18
** Bottom Depth [m]: 2981.0
** Operator: R.Kobayashi
# nquan = 29                                
# nvalues = 5910                        
# units = specified
# name 0 = scan: Scan Count
# name 1 = depSM: Depth [salt water, m]
# name 2 = prDM: Pressure, Digiquartz [db]
# name 3 = t090C: Temperature [ITS-90, deg C]
# name 4 = c0S/m: Conductivity [S/m]
# name 5 = t190C: Temperature, 2 [ITS-90, deg C]
# name 6 = c1S/m: Conductivity, 2 [S/m]
# name 7 = sbeox0V: Oxygen raw, SBE 43 [V]
# name 8 = sbeox1V: Oxygen raw, SBE 43, 2 [V]
# name 9 = CStarTr0: Beam Transmission, WET Labs C-Star [%]
# name 10 = CStarAt0: Beam Attenuation, WET Labs C-Star [1/m]
# name 11 = v4: Voltage 4
# name 12 = flSP: Fluorescence, Seapoint
# name 13 = seaTurbMtr: Turbidity, Seapoint [FTU]
# name 14 = wetCDOM: Fluorescence, WET Labs CDOM [mg/m^3]
# name 15 = altM: Altimeter [m]
# name 16 = dz/dtM: Descent Rate [m/s]
# name 17 = modError: Modulo Error Count
# name 18 = pumps: Pump Status
# name 19 = sbeox0Mm/Kg: Oxygen, SBE 43 [umol/kg], WS = 2
# name 20 = sbeox1Mm/Kg: Oxygen, SBE 43, 2 [umol/kg], WS = 2
# name 21 = nbin: number of scans per bin
# name 22 = sal00: Salinity, Practical [PSU]
# name 23 = sigma-é00: Density [sigma-theta, kg/m^3]
# name 24 = potemp090C: Potential Temperature [ITS-90, deg C]
# name 25 = sal11: Salinity, Practical, 2 [PSU]
# name 26 = sigma-é11: Density, 2 [sigma-theta, kg/m^3]
# name 27 = potemp190C: Potential Temperature, 2 [ITS-90, deg C]
# name 28 = flag: flag
# span 0 =      16871,     234383       
# span 1 =      1.000,   2957.000       
# span 2 =      1.006,   2998.207       
# span 3 =     1.5570,    25.0922       
# span 4 =   3.128143,   5.284777       
# span 5 =     1.5571,    25.0890       
# span 6 =   3.128288,   5.284764       
# span 7 =     0.8182,     2.6050       
# span 8 =     0.7954,     2.5583       
# span 9 =    98.0163,    99.9479       
# span 10 =     0.0021,     0.0801      
# span 11 =     4.6364,     4.7277      
# span 12 = 3.6618e-02, 5.4946e-01      
# span 13 =      0.018,      0.090      
# span 14 =    -1.0173,   436.5566      
# span 15 =     -14.09,     105.07      
# span 16 =     -1.489,      1.504      
# span 17 =          0,          0      
# span 18 =          1,          1      
# span 19 =     55.683,    216.922      
# span 20 =   -141.528,    214.819      
# span 21 =         16,        248      
# span 22 =    34.2168,    35.0300      
# span 23 =    23.1342,    27.7558      
# span 24 =     1.3394,    25.0920      
# span 25 =    34.2202,    35.0355      
# span 26 =    23.1370,    27.7573      
# span 27 =     1.3393,    25.0888      
# span 28 = 0.0000e+00, 0.0000e+00      
# interval = meters: 1                  
# start_time = Jun 08 2017 03:26:48 [NMEA time, header]
# bad_flag = -9.990e-29
*END*
[from data line 5701]
     200146    209.000    210.522    19.0652   4.694229    19.0597   4.693860     2.3178     2.2865    99.5083     0.0197     4.7070 6.8163e-02      0.032     4.0863      77.88     -0.511          0          1    203.432    202.508         76    34.8994    24.9373    19.0276    34.9010    24.9398    19.0221 0.0000e+00
     200235    208.000    209.515    19.0974   4.697592    19.1021   4.698156     2.3230     2.2893    99.5325     0.0188     4.7081 6.7548e-02      0.035     4.0366      53.90     -0.205          0          1    203.760    202.499         69    34.9008    24.9300    19.0599    34.9015    24.9294    19.0646 0.0000e+00
     200291    207.000    208.507    19.1137   4.699176    19.1155   4.699548     2.3256     2.2907    99.5338     0.0187     4.7082 6.6760e-02      0.035     4.0996      94.12     -0.389          0          1    203.684    202.556         77    34.9006    24.9257    19.0764    34.9022    24.9265    19.0782 0.0000e+00
     200410    206.000    207.499    19.1456   4.702361    19.1590   4.703779     2.3186     2.2861    99.5343     0.0187     4.7082 6.7233e-02      0.030     4.0241      98.63     -0.126          0          1    202.575    201.719        106    34.9008    24.9176    19.1084    34.9013    24.9146    19.1218 0.0000e+00
     200466    205.000    206.491    19.1580   4.703488    19.1530   4.703201     2.3165     2.2871    99.5343     0.0187     4.7082 6.2960e-02      0.031     4.0029      72.37     -0.458          0          1    202.367    201.764         47    34.9001    24.9139    19.1210    34.9019    24.9166    19.1160 0.0000e+00
     200573    204.000    205.484    19.1830   4.705899    19.1890   4.706619     2.3102     2.2780    99.5343     0.0187     4.7082 6.1007e-02      0.030     4.0725     100.58     -0.262          0          1    201.717    200.628         88    34.8996    24.9070    19.1461    34.9005    24.9062    19.1521 0.0000e+00
     200674    203.000    204.476    19.2084   4.708295    19.2085   4.708425     2.3022     2.2690    99.5314     0.0188     4.7081 6.0264e-02      0.031     4.0775      98.63     -0.269          0          1    200.278    199.228         97    34.8985    24.8997    19.1717    34.8995    24.9005    19.1718 0.0000e+00
     200797    202.000    203.468    19.2198   4.709303    19.2235   4.709764     2.2917     2.2579    99.5374     0.0186     4.7083 6.0305e-02      0.031     4.0489      89.13     -0.206          0          1    199.344    198.158        108    34.8977    24.8961    19.1832    34.8985    24.8957    19.1869 0.0000e+00
     200984    201.000    202.460    19.2302   4.710231    19.2319   4.710496     2.2866     2.2497    99.5429     0.0183     4.7086 5.9654e-02      0.031     4.0280      90.97     -0.188          0          1    198.927    197.434        138    34.8971    24.8929    19.1938    34.8979    24.8931    19.1955 0.0000e+00
     202610    200.000    201.453    19.2332   4.710542    19.2337   4.710729     2.2857     2.2548    99.5103     0.0197     4.7071 5.8781e-02      0.032     4.0591     100.17     -0.189          0          1    198.493    197.901        101    34.8975    24.8924    19.1970    34.8987    24.8932    19.1975 0.0000e+00
     207816    199.000    200.445    19.2351   4.710928    19.2317   4.710909     2.3036     2.2711    99.4296     0.0229     4.7032 5.5088e-02      0.031     4.0944      98.63     -0.675          0          1    199.373    198.262         30    34.8995    24.8934    19.1991    34.9022    24.8963    19.1957 0.0000e+00
     207758    198.000    199.437    19.2665   4.713793    19.2661   4.714037     2.2886     2.2562    99.4310     0.0228     4.7033 5.3859e-02      0.031     4.1131      98.63     -0.830          0          1    197.434    196.439         27    34.8974    24.8837    19.2306    34.8997    24.8856    19.2302 0.0000e+00
     207785    197.000    198.429    19.2757   4.714737    19.2753   4.714934     2.2819     2.2489    99.4520     0.0220     4.7043 5.2413e-02      0.031     4.1501      98.63     -0.889          0          1    197.223    196.115         27    34.8979    24.8817    19.2400    34.8998    24.8833    19.2396 0.0000e+00
     207811    196.000    197.421    19.3004   4.717140    19.2993   4.717338     2.2739     2.2403    99.4567     0.0218     4.7045 5.0795e-02      0.031     4.1929      98.63     -0.916          0          1    195.502    194.399         26    34.8975    24.8750    19.2648    34.9000    24.8772    19.2637 0.0000e+00
     207837    195.000    196.414    19.3218   4.719092    19.3230   4.719473     2.2605     2.2272    99.4568     0.0218     4.7045 5.0070e-02      0.031     4.2065      98.63     -0.931          0          1    193.741    192.626         26    34.8961    24.8684    19.2864    34.8983    24.8697    19.2876 0.0000e+00
     207867    194.000    195.406    19.3379   4.720632    19.3362   4.720693     2.2478     2.2136    99.4568     0.0218     4.7045 4.9708e-02      0.031     4.1954      98.63     -0.858          0          1    192.711    191.431         34    34.8958    24.8639    19.3026    34.8977    24.8659    19.3009 0.0000e+00
     207902    193.000    194.398    19.3540   4.722083    19.3463   4.721549     2.2384     2.2030    99.4419     0.0224     4.7038 4.8653e-02      0.031     4.2054      98.63     -0.695          0          1    192.003    190.923         35    34.8947    24.8589    19.3189    34.8967    24.8625    19.3112 0.0000e+00
     207935    192.000    193.391    19.3728   4.723894    19.3601   4.723012     2.2305     2.1989    99.4308     0.0228     4.7033 4.8844e-02      0.032     4.1933      98.63     -0.711          0          1    191.194    190.572         29    34.8944    24.8538    19.3379    34.8977    24.8596    19.3252 0.0000e+00
     207960    191.000    192.383    19.4109   4.728095    19.4103   4.728364     2.2283     2.1949    99.4122     0.0236     4.7024 4.8840e-02      0.032     4.1777      98.63     -0.875          0          1    191.304    189.990         22    34.8977    24.8464    19.3761    34.9004    24.8487    19.3755 0.0000e+00
     207981    190.000    191.375    19.4500   4.731883    19.4484   4.732106     2.2279     2.1930    99.4051     0.0239     4.7021 5.0562e-02      0.031     4.1890      98.63     -1.050          0          1    191.260    190.167         20    34.8967    24.8356    19.4153    34.8999    24.8384    19.4137 0.0000e+00
     208001    189.000    190.367    19.4803   4.734900    19.4822   4.735474     2.2296     2.1953    99.4052     0.0239     4.7021 5.5166e-02      0.031     4.1912      98.63     -1.172          0          1    192.114    190.800         20    34.8967    24.8277    19.4458    34.8999    24.8296    19.4477 0.0000e+00
     208021    188.000    189.360    19.5241   4.739773    19.5253   4.740297     2.2372     2.1996    99.4052     0.0239     4.7021 5.8193e-02      0.031     4.2085      98.63     -1.199          0          1    192.889    191.234         22    34.9008    24.8194    19.4897    34.9041    24.8217    19.4909 0.0000e+00
     208045    187.000    188.352    19.5567   4.743368    19.5534   4.743368     2.2414     2.2043    99.4052     0.0239     4.7021 6.1582e-02      0.034     4.2214      98.63     -1.112          0          1    192.797    191.667         26    34.9036    24.8131    19.5224    34.9064    24.8161    19.5191 0.0000e+00
     208075    186.000    187.345    19.5789   4.745905    19.5708   4.745282     2.2457     2.2102    99.4052     0.0239     4.7021 6.3472e-02      0.042     4.2109      98.63     -0.881          0          1    193.046    192.047         33    34.9064    24.8094    19.5448    34.9080    24.8128    19.5367 0.0000e+00
     208106    185.000    186.337    19.5855   4.746568    19.5835   4.746692     2.2479     2.2138    99.4052     0.0239     4.7021 6.3492e-02      0.034     4.1806      98.63     -0.757          0          1    193.047    192.262         27    34.9067    24.8079    19.5516    34.9094    24.8105    19.5496 0.0000e+00
     208130    184.000    185.329    19.6076   4.749135    19.6038   4.749011     2.2507     2.2170    99.4052     0.0239     4.7021 6.3075e-02      0.031     4.1640      98.63     -0.889          0          1    193.649    192.468         21    34.9098    24.8045    19.5738    34.9120    24.8071    19.5700 0.0000e+00
     208149    183.000    184.321    19.6203   4.750515    19.6200   4.750801     2.2547     2.2187    99.4052     0.0239     4.7021 6.2783e-02      0.031     4.1572      98.63     -1.097          0          1    193.996    192.489         19    34.9110    24.8020    19.5867    34.9136    24.8041    19.5864 0.0000e+00
     208168    182.000    183.314    19.6294   4.751545    19.6288   4.751777     2.2574     2.2199    99.4052     0.0239     4.7021 6.3494e-02      0.031     4.1450      98.63     -1.251          0          1    193.984    192.538         18    34.9123    24.8006    19.5960    34.9147    24.8026    19.5954 0.0000e+00
     208186    181.000    182.306    19.6484   4.753731    19.6465   4.753823     2.2584     2.2214    99.4093     0.0237     4.7023 6.3492e-02      0.031     4.1199      98.63     -1.312          0          1    193.967    192.678         19    34.9148    24.7975    19.6151    34.9171    24.7998    19.6132 0.0000e+00
     208206    180.000    181.298    19.6747   4.756634    19.6668   4.756076     2.2608     2.2235    99.4309     0.0228     4.7033 6.4477e-02      0.031     4.1118      98.63     -1.282          0          1    194.332    193.080         21    34.9172    24.7925    19.6416    34.9191    24.7960    19.6337 0.0000e+00
     208228    179.000    180.291    19.7257   4.762361    19.7087   4.760816     2.2650     2.2285    99.4310     0.0228     4.7033 6.8217e-02      0.031     4.1254      98.63     -1.172          0          1    194.775    193.637         23    34.9222    24.7830    19.6927    34.9236    24.7885    19.6757 0.0000e+00
     208253    178.000    179.283    19.7821   4.768487    19.7741   4.768072     2.2706     2.2330    99.4061     0.0239     4.7021 6.9603e-02      0.031     4.1131      98.63     -1.037          0          1    195.107    193.655         26    34.9260    24.7711    19.7492    34.9292    24.7757    19.7412 0.0000e+00
     208279    177.000    178.276    19.8323   4.773909    19.8096   4.771789     2.2739     2.2358    99.4052     0.0239     4.7021 7.0781e-02      0.032     4.0937      98.63     -0.945          0          1    194.821    193.677         26    34.9291    24.7603    19.7995    34.9306    24.7674    19.7769 0.0000e+00
     208305    176.000    177.268    19.8547   4.776382    19.8471   4.775860     2.2750     2.2394    99.4052     0.0239     4.7021 7.0228e-02      0.033     4.0819      98.63     -0.916          0          1    194.749    193.903         27    34.9311    24.7560    19.8221    34.9332    24.7595    19.8145 0.0000e+00
     208331    175.000    176.260    19.9040   4.781592    19.8865   4.780201     2.2748     2.2404    99.4052     0.0239     4.7021 6.9171e-02      0.031     4.0507      98.63     -0.932          0          1    194.308    193.359         25    34.9333    24.7446    19.8715    34.9364    24.7516    19.8541 0.0000e+00
     208355    174.000    175.253    19.9499   4.786410    19.9436   4.786213     2.2737     2.2379    99.4277     0.0229     4.7031 6.7045e-02      0.031     4.0486      98.63     -0.968          0          1    193.791    192.530         23    34.9350    24.7338    19.9176    34.9386    24.7382    19.9113 0.0000e+00
     208378    173.000    174.245    19.9775   4.789350    19.9701   4.788936     2.2706     2.2344    99.4310     0.0228     4.7033 6.4816e-02      0.031     4.0436      98.63     -1.026          0          1    193.229    192.044         22    34.9365    24.7277    19.9453    34.9392    24.7317    19.9379 0.0000e+00
     208398    172.000    173.237    20.0319   4.795217    20.0188   4.794254     2.2682     2.2320    99.4310     0.0228     4.7033 6.3687e-02      0.031     4.0311      98.63     -1.108          0          1    192.819    191.688         20    34.9397    24.7158    19.9998    34.9427    24.7215    19.9868 0.0000e+00
     208418    171.000    172.230    20.1008   4.802669    20.0872   4.801863     2.2664     2.2301    99.4310     0.0228     4.7033 6.3495e-02      0.031     4.0309      98.63     -1.186          0          1    192.516    191.338         20    34.9438    24.7007    20.0689    34.9485    24.7079    20.0553 0.0000e+00
     208438    170.000    171.222    20.1603   4.808981    20.1584   4.809341     2.2659     2.2291    99.4310     0.0228     4.7033 6.2280e-02      0.031     4.0364      98.63     -1.213          0          1    192.500    191.252         20    34.9464    24.6869    20.1285    34.9509    24.6909    20.1266 0.0000e+00
     208460    169.000    170.215    20.2121   4.814640    20.2028   4.814083     2.2680     2.2305    99.4310     0.0228     4.7033 6.3082e-02      0.031     4.0309      98.63     -1.162          0          1    192.886    191.473         24    34.9500    24.6759    20.1804    34.9532    24.6808    20.1711 0.0000e+00
     208487    168.000    169.207    20.2729   4.821036    20.2649   4.820825     2.2724     2.2325    99.4310     0.0228     4.7033 6.5110e-02      0.031     3.9592      98.63     -1.002          0          1    193.034    191.447         28    34.9521    24.6614    20.2413    34.9570    24.6672    20.2333 0.0000e+00
     208515    167.000    168.199    20.2896   4.822919    20.2850   4.822696     2.2739     2.2345    99.4310     0.0228     4.7033 6.6208e-02      0.031     3.9122      98.63     -0.863          0          1    193.098    191.694         26    34.9540    24.6583    20.2582    34.9560    24.6611    20.2536 0.0000e+00
     208538    166.000    167.192    20.3286   4.827114    20.3166   4.826319     2.2790     2.2381    99.4310     0.0228     4.7033 6.7778e-02      0.031     3.8749      98.63     -0.936          0          1    194.179    192.270         21    34.9562    24.6496    20.2973    34.9597    24.6554    20.2854 0.0000e+00
     208557    165.000    166.184    20.3691   4.831389    20.3651   4.831432     2.2863     2.2425    99.4310     0.0228     4.7033 6.8815e-02      0.031     3.8356      98.63     -1.121          0          1    194.741    192.528         19    34.9579    24.6400    20.3380    34.9615    24.6439    20.3340 0.0000e+00
     208575    164.000    165.176    20.4098   4.835765    20.4059   4.835835     2.2906     2.2452    99.4310     0.0228     4.7033 6.8515e-02      0.031     3.7838      98.63     -1.265          0          1    194.667    192.554         18    34.9602    24.6309    20.3788    34.9639    24.6348    20.3749 0.0000e+00
     208595    163.000    164.169    20.4613   4.841572    20.4681   4.842865     2.2929     2.2485    99.4310     0.0228     4.7033 6.7750e-02      0.031     3.7344      98.63     -1.296          0          1    194.337    192.734         21    34.9651    24.6209    20.4305    34.9700    24.6228    20.4373 0.0000e+00
     208619    162.000    163.161    20.5532   4.851640    20.5565   4.852736     2.2927     2.2524    99.4310     0.0228     4.7033 6.5337e-02      0.031     3.6813      98.63     -1.139          0          1    193.638    192.507         28    34.9712    24.6009    20.5225    34.9774    24.6047    20.5258 0.0000e+00
     208650    161.000    162.154    20.5896   4.855666    20.5922   4.856328     2.2928     2.2522    99.4310     0.0228     4.7033 6.4696e-02      0.031     3.6248      98.63     -0.819          0          1    194.097    192.100         31    34.9742    24.5934    20.5590    34.9774    24.5951    20.5616 0.0000e+00
